date,time,price,change,volume,avg_volume,market_cap,income,sales,p_b,p_e,f_p_e,peg,p_c,p_s,quick_ratio,current_ratio,debt_eq,sma20,sma50,sma200,rsi,roa,roe,roi,gross_margin,oper_margin,profit_margin,shs_outstand,shs_float,short_float,short_ratio,target_price,high_y,low_y,prev_close,eps,sales_q_to_q,eps_q_to_q,insider_own,insider_trans,inst_own,inst_trans,dividend,dividend_percent,employees,recom
2018-10-17,00:38:20 ,37.80,2.72%,"158,506",410.63K,2.70B,-214.10M,4.16B,2.07,-,78.59,-,442.69,0.65,1.00,1.10,1.20,1.56%,-0.40%,19.67%,51.60,-5.00%,-15.40%,-2.30%,12.20%,-0.90%,-5.20%,71.44M,48.01M,3.84%,4.49,39.60,-6.78%,70.65%,36.80,-3.05,-1.20%,-103.60%,1.20%,-0.71%,71.20%,0.36%,2.40,6.35%,954,2.30
2018-10-17,19:32:33 ,36.95,-2.25%,"183,317",403.07K,2.64B,-214.10M,4.16B,2.02,-,76.82,-,432.74,0.63,1.00,1.10,1.20,-0.68%,-2.67%,16.76%,44.70,-5.00%,-15.40%,-2.30%,12.20%,-0.90%,-5.20%,71.44M,48.01M,3.84%,4.58,39.60,-8.88%,66.82%,37.80,-3.05,-1.20%,-103.60%,1.20%,-0.71%,71.20%,0.36%,2.40,6.50%,954,2.30
2018-10-18,20:11:01 ,36.55,-1.08%,"177,129",396.33K,2.61B,-214.10M,4.16B,2.00,-,75.99,-,428.05,0.63,1.00,1.10,1.20,-1.63%,-3.71%,15.30%,42.02,-5.00%,-15.40%,-2.30%,12.20%,-0.90%,-5.20%,71.44M,48.01M,3.84%,4.65,39.60,-9.86%,65.01%,36.95,-3.05,-1.20%,-103.60%,1.20%,-0.71%,71.20%,0.36%,2.40,6.57%,954,2.30
2018-10-19,20:19:24 ,36.33,-0.60%,"206,240",388.12K,2.60B,-214.10M,4.16B,1.99,-,75.53,-,425.48,0.62,1.00,1.10,1.20,-2.09%,-4.25%,14.42%,40.22,-5.00%,-15.40%,-2.30%,12.20%,-0.90%,-5.20%,71.44M,48.01M,3.84%,4.75,39.60,-10.41%,64.02%,36.55,-3.05,-1.20%,-103.60%,1.20%,-0.71%,71.20%,0.36%,2.40,6.61%,954,2.30
2018-10-22,17:31:53 ,37.15,2.26%,"195,856",374.92K,2.66B,-214.10M,4.16B,2.03,-,77.23,-,436.36,0.64,1.00,1.10,1.20,0.27%,-2.00%,16.81%,47.25,-5.00%,-15.40%,-2.30%,12.20%,-0.90%,-5.20%,71.65M,48.01M,3.84%,4.92,39.70,-8.38%,67.72%,36.33,-3.05,-1.20%,-103.60%,1.20%,-0.70%,71.10%,0.11%,2.40,6.46%,954,2.30
2018-10-23,17:32:31 ,36.91,-0.65%,"147,824",368.77K,2.64B,-214.10M,4.16B,2.02,-,76.74,-,433.54,0.64,1.00,1.10,1.20,-0.51%,-2.59%,15.85%,45.14,-5.00%,-15.40%,-2.30%,12.20%,-0.90%,-5.20%,71.65M,48.01M,3.84%,5.00,39.70,-8.98%,66.64%,37.15,-3.05,-1.20%,-103.60%,1.20%,-0.70%,71.10%,0.11%,2.40,6.50%,954,2.30
2018-10-24,17:31:36 ,36.25,-1.79%,"235,995",364.45K,2.60B,-214.10M,4.16B,1.99,-,75.36,-,425.79,0.62,1.00,1.10,1.20,-2.43%,-4.31%,13.57%,40.24,-5.00%,-15.40%,-2.30%,12.20%,-0.90%,-5.20%,71.65M,48.01M,3.84%,5.06,39.70,-10.60%,63.66%,36.91,-3.05,-1.20%,-103.60%,1.20%,-0.70%,71.10%,0.11%,2.40,6.62%,954,2.30
2018-10-25,17:31:58 ,36.24,-0.03%,"242,787",362.57K,2.60B,-214.10M,4.16B,1.98,-,75.34,-,425.67,0.62,1.00,1.10,1.20,-2.52%,-4.27%,13.35%,40.69,-5.00%,-15.40%,-2.30%,12.20%,-0.90%,-5.20%,71.65M,48.01M,3.84%,5.09,39.70,-10.63%,63.61%,36.25,-3.05,-1.20%,-103.60%,1.20%,-0.70%,71.10%,0.11%,2.40,6.62%,954,2.30
2018-10-26,17:30:52 ,35.89,-0.97%,"158,875",361.46K,2.57B,-214.10M,4.16B,1.97,-,74.62,-,421.56,0.62,1.00,1.10,1.20,-3.51%,-5.11%,12.06%,39.29,-5.00%,-15.40%,-2.30%,12.20%,-0.90%,-5.20%,71.65M,48.01M,3.84%,5.10,39.70,-11.49%,62.03%,36.24,-3.05,-1.20%,-103.60%,1.20%,-0.70%,71.10%,0.11%,2.40,6.69%,954,2.30
2018-10-29,17:30:56 ,35.57,-0.89%,"269,706",359.06K,2.56B,-214.10M,4.16B,1.95,-,73.95,-,419.32,0.62,1.00,1.10,1.20,-4.26%,-5.84%,10.90%,37.20,-5.00%,-15.40%,-2.30%,12.20%,-0.90%,-5.20%,71.91M,48.01M,3.57%,4.78,40.00,-12.28%,60.59%,35.89,-3.05,-1.20%,-103.60%,1.20%,-0.70%,71.00%,0.00%,2.40,6.75%,954,2.30
2018-10-30,17:31:15 ,34.65,-2.59%,"601,979",360.04K,2.49B,-214.10M,4.16B,1.90,-,72.04,-,408.47,0.60,1.00,1.10,1.20,-6.50%,-8.11%,7.89%,32.60,-5.00%,-15.40%,-2.30%,12.20%,-0.90%,-5.20%,71.91M,48.01M,3.57%,4.77,40.00,-14.55%,56.43%,35.57,-3.05,-1.20%,-103.60%,1.20%,-0.70%,71.00%,0.00%,2.40,6.93%,954,2.30
2018-10-31,17:31:16 ,33.71,-2.71%,"328,563",365.61K,2.42B,-214.10M,4.16B,1.85,-,70.08,-,397.39,0.58,1.00,1.10,1.20,-8.74%,-10.39%,4.84%,27.74,-5.00%,-15.40%,-2.30%,12.20%,-0.90%,-5.20%,71.91M,48.01M,3.57%,4.69,40.00,-16.87%,52.19%,34.65,-3.05,-1.20%,-103.60%,1.20%,-0.70%,71.00%,0.00%,2.40,7.12%,954,2.30
2018-11-01,17:31:34 ,33.09,-1.84%,"355,018",367.08K,2.38B,-214.10M,4.16B,1.81,-,68.79,-,390.08,0.57,1.00,1.10,1.20,-9.99%,-11.78%,2.82%,25.14,-5.00%,-15.40%,-2.30%,12.20%,-0.90%,-5.20%,71.91M,48.01M,3.57%,4.67,40.00,-18.40%,49.39%,33.71,-3.05,-1.20%,-103.60%,1.20%,-0.70%,71.00%,0.00%,2.40,7.25%,954,2.30
2018-11-02,22:55:43 ,32.65,-1.33%,"475,355",368.92K,2.35B,-214.10M,4.16B,1.79,-,67.88,-,384.90,0.56,1.00,1.10,1.20,-10.62%,-12.65%,1.36%,22.96,-5.00%,-15.40%,-2.30%,12.20%,-0.90%,-5.20%,71.91M,48.01M,3.57%,4.65,40.00,-19.48%,47.40%,33.09,-3.05,-1.20%,-103.60%,1.20%,-0.70%,71.00%,0.00%,2.40,7.35%,954,2.30
2018-11-05,16:31:13 ,33.52,2.66%,"458,714",371.71K,2.42B,-187.90M,4.13B,1.92,-,63.97,-,1007.97,0.59,0.90,1.10,1.35,-7.59%,-9.98%,3.99%,31.65,-4.40%,-14.40%,-2.30%,12.40%,-0.40%,-4.60%,72.17M,48.01M,3.57%,4.62,40.00,-17.34%,51.33%,32.65,-2.67,-2.70%,52.90%,1.20%,-0.70%,70.70%,-0.42%,2.40,7.16%,954,2.50
2018-11-06,16:30:33 ,32.73,-2.36%,"332,880",375.05K,2.36B,-187.90M,4.13B,1.87,-,62.46,-,984.22,0.57,0.90,1.10,1.35,-9.20%,-11.80%,1.46%,28.47,-4.40%,-14.40%,-2.30%,12.40%,-0.40%,-4.60%,72.17M,48.01M,3.57%,4.57,40.00,-19.28%,47.77%,33.52,-2.67,-2.70%,52.90%,1.20%,-0.70%,70.70%,-0.42%,2.40,7.33%,954,2.50
2018-11-07,16:32:36 ,33.43,2.14%,"405,923",373.92K,2.41B,-187.90M,4.13B,1.91,-,63.80,-,1005.27,0.58,0.90,1.10,1.35,-6.46%,-9.54%,3.56%,34.93,-4.40%,-14.40%,-2.30%,12.40%,-0.40%,-4.60%,72.17M,48.01M,3.57%,4.59,40.00,-17.56%,50.93%,32.73,-2.67,-2.70%,52.90%,1.20%,-0.70%,70.70%,-0.42%,2.40,7.18%,954,2.50
2018-11-08,16:30:24 ,33.44,0.03%,"377,293",374.91K,2.41B,-187.90M,4.13B,1.92,-,63.82,-,1005.57,0.58,0.90,1.10,1.35,-5.84%,-9.21%,3.51%,34.75,-4.40%,-14.40%,-2.30%,12.40%,-0.40%,-4.60%,72.17M,48.01M,3.57%,4.58,40.00,-17.53%,50.97%,33.43,-2.67,-2.70%,52.90%,1.20%,-0.70%,70.70%,-0.42%,2.40,7.18%,954,2.50
2018-11-09,17:20:39 ,33.23,-0.63%,"441,305",373.48K,2.40B,-187.90M,4.13B,1.90,-,63.42,-,999.25,0.58,0.90,1.10,1.35,-5.95%,-9.53%,2.78%,33.89,-4.40%,-14.40%,-2.30%,12.40%,-0.40%,-4.60%,72.17M,48.01M,3.57%,4.59,40.00,-18.05%,50.02%,33.44,-2.67,-2.70%,52.90%,1.20%,-0.70%,70.70%,-0.42%,2.40,7.22%,954,2.50
2018-11-12,19:11:40 ,32.54,-2.08%,"248,367",371.48K,2.33B,-187.90M,4.13B,1.86,-,62.10,-,971.73,0.56,0.90,1.10,1.35,-7.41%,-11.15%,0.58%,30.76,-4.40%,-14.40%,-2.30%,12.40%,-0.40%,-4.60%,71.67M,48.42M,4.13%,5.39,40.00,-19.75%,46.91%,33.23,-2.67,-2.70%,52.90%,1.20%,-0.70%,70.70%,-0.43%,2.40,7.38%,954,2.50
2018-11-13,16:30:50 ,31.80,-2.27%,"446,019",349.60K,2.28B,-187.90M,4.13B,1.82,-,60.69,-,949.63,0.55,0.90,1.10,1.35,-8.96%,-12.93%,-1.77%,27.80,-4.40%,-14.40%,-2.30%,12.40%,-0.40%,-4.60%,71.67M,48.42M,4.13%,5.73,40.00,-21.58%,43.57%,32.54,-2.67,-2.70%,52.90%,1.20%,-0.70%,70.70%,-0.43%,2.40,7.55%,954,2.50
2018-11-14,16:30:51 ,31.36,-1.38%,"541,038",349.53K,2.25B,-187.90M,4.13B,1.80,-,59.85,-,936.49,0.54,0.90,1.10,1.35,-9.45%,-13.84%,-3.18%,26.27,-4.40%,-14.40%,-2.30%,12.40%,-0.40%,-4.60%,71.67M,48.42M,4.13%,5.73,40.00,-22.66%,41.58%,31.80,-2.67,-2.70%,52.90%,1.20%,-0.70%,70.70%,-0.43%,2.40,7.65%,954,2.50
2018-11-15,16:30:48 ,30.73,-2.01%,"452,819",352.46K,2.20B,-187.90M,4.13B,1.76,-,58.65,-,917.67,0.53,0.90,1.10,1.35,-10.54%,-15.26%,-5.17%,24.37,-4.40%,-14.40%,-2.30%,12.40%,-0.40%,-4.60%,71.67M,48.42M,4.13%,5.68,40.00,-24.22%,38.74%,31.36,-2.67,-2.70%,52.90%,1.20%,-0.70%,70.70%,-0.43%,2.40,7.81%,954,2.50
2018-11-16,16:30:48 ,30.12,-1.99%,"457,014",349.27K,2.16B,-187.90M,4.13B,1.73,-,57.48,-,899.46,0.52,0.90,1.10,1.35,-11.57%,-16.59%,-7.09%,22.81,-4.40%,-14.40%,-2.30%,12.40%,-0.40%,-4.60%,71.67M,48.42M,4.13%,5.73,40.00,-25.72%,35.07%,30.73,-2.67,-2.70%,52.90%,1.20%,-0.70%,70.70%,-0.43%,2.40,7.97%,954,2.50
2018-11-19,16:30:53 ,29.66,-1.53%,"467,969",352.99K,2.11B,-187.90M,4.13B,1.70,-,51.14,-,880.16,0.51,0.90,1.10,1.35,-12.12%,-17.47%,-8.54%,21.70,-4.40%,-14.40%,-2.30%,12.40%,-0.40%,-4.60%,71.22M,48.42M,4.13%,5.67,40.00,-26.86%,33.00%,30.12,-2.67,-2.70%,52.90%,1.20%,-0.71%,73.30%,3.27%,2.40,8.09%,954,2.50
2018-11-20,16:30:50 ,28.52,-3.84%,"466,750",351.91K,2.03B,-187.90M,4.13B,1.63,-,49.17,-,846.33,0.49,0.90,1.10,1.35,-14.55%,-20.26%,-12.10%,19.37,-4.40%,-14.40%,-2.30%,12.40%,-0.40%,-4.60%,71.22M,48.42M,4.13%,5.69,40.00,-29.67%,27.89%,29.66,-2.67,-2.70%,52.90%,1.20%,-0.71%,73.30%,3.27%,2.40,8.42%,954,2.50
2018-11-21,16:31:00 ,29.45,3.26%,"480,913",350.18K,2.10B,-187.90M,4.13B,1.69,-,50.78,-,873.93,0.51,0.90,1.10,1.35,-10.64%,-17.20%,-9.25%,28.61,-4.40%,-14.40%,-2.30%,12.40%,-0.40%,-4.60%,71.22M,48.42M,4.13%,5.72,40.00,-27.37%,30.31%,28.52,-2.67,-2.70%,52.90%,1.20%,-0.71%,73.30%,3.27%,2.40,8.15%,954,2.50
2018-11-23,16:31:46 ,28.90,-1.87%,"46,724",349.71K,2.06B,-187.90M,4.13B,1.66,-,49.83,-,857.61,0.50,0.90,1.10,1.35,-11.39%,-18.33%,-10.98%,26.97,-4.40%,-14.40%,-2.30%,12.40%,-0.40%,-4.60%,71.22M,48.42M,4.13%,5.72,40.00,-28.73%,26.75%,29.45,-2.67,-2.70%,52.90%,1.20%,-0.71%,73.30%,3.27%,2.40,8.30%,954,2.50
2018-11-26,16:30:40 ,29.56,2.28%,"258,704",335.09K,2.15B,-187.90M,4.13B,1.69,-,51.41,-,893.82,0.52,0.90,1.10,1.35,-8.34%,-16.02%,-8.99%,32.84,-4.40%,-14.40%,-2.30%,12.40%,-0.40%,-4.60%,72.57M,48.42M,4.13%,5.97,39.64,-27.10%,29.65%,28.90,-2.67,-2.70%,52.90%,1.20%,-0.70%,73.30%,3.19%,2.40,8.12%,954,2.50
2018-11-27,16:30:21 ,29.51,-0.17%,"379,187",333.13K,2.14B,-187.90M,4.13B,1.69,-,51.32,-,892.31,0.52,0.90,1.10,1.35,-7.59%,-15.75%,-9.20%,31.84,-4.40%,-14.40%,-2.30%,12.40%,-0.40%,-4.60%,72.57M,48.42M,4.13%,6.01,39.64,-27.23%,27.75%,29.56,-2.67,-2.70%,52.90%,1.20%,-0.70%,73.30%,3.19%,2.40,8.13%,954,2.50
2018-11-28,16:30:13 ,29.78,0.91%,"229,727",330.82K,2.16B,-187.90M,4.13B,1.71,-,51.79,-,900.47,0.52,0.90,1.10,1.35,-5.85%,-14.55%,-8.40%,33.54,-4.40%,-14.40%,-2.30%,12.40%,-0.40%,-4.60%,72.57M,48.42M,4.13%,6.05,39.64,-26.56%,28.64%,29.51,-2.67,-2.70%,52.90%,1.20%,-0.70%,73.30%,3.19%,2.40,8.06%,954,2.50
2018-11-29,16:30:49 ,30.04,0.87%,"365,460",321.96K,2.18B,-187.90M,4.13B,1.72,-,52.24,-,908.33,0.53,0.90,1.10,1.35,-4.29%,-13.39%,-7.65%,36.25,-4.40%,-14.40%,-2.30%,12.40%,-0.40%,-4.60%,72.57M,48.42M,4.13%,6.22,39.64,-25.92%,29.76%,29.78,-2.67,-2.70%,52.90%,1.20%,-0.70%,73.30%,3.19%,2.40,7.99%,954,2.50
2018-11-30,16:30:20 ,29.70,-1.13%,"329,955",308.78K,2.16B,-187.90M,4.13B,1.70,-,51.65,-,898.05,0.52,0.90,1.10,1.35,-4.82%,-13.99%,-8.72%,34.37,-4.40%,-14.40%,-2.30%,12.40%,-0.40%,-4.60%,72.57M,48.42M,4.13%,6.48,39.64,-26.76%,26.11%,30.04,-2.67,-2.70%,52.90%,1.20%,-0.70%,73.30%,3.19%,2.40,8.08%,954,2.50
2018-12-03,16:31:22 ,30.77,3.60%,"254,086",307.64K,2.22B,-187.90M,4.13B,1.76,-,53.51,-,923.61,0.54,0.90,1.10,1.35,-0.85%,-10.48%,-5.47%,42.98,-4.40%,-14.40%,-2.30%,12.40%,-0.40%,-4.60%,72.04M,48.42M,4.44%,6.99,39.64,-24.12%,29.56%,29.70,-2.67,-2.70%,52.90%,1.20%,0.00%,73.30%,3.22%,2.40,7.80%,954,2.50
2018-12-04,16:30:50 ,30.05,-2.34%,"336,912",304.09K,2.16B,-187.90M,4.13B,1.72,-,52.26,-,902.00,0.52,0.90,1.10,1.35,-2.87%,-12.23%,-7.72%,39.10,-4.40%,-14.40%,-2.30%,12.40%,-0.40%,-4.60%,72.04M,48.42M,4.44%,7.07,39.64,-25.89%,26.26%,30.77,-2.67,-2.70%,52.90%,1.20%,0.00%,73.30%,3.22%,2.40,7.99%,954,2.50
2018-12-06,16:30:36 ,30.54,1.63%,"361,201",306.16K,2.20B,-187.90M,4.13B,1.75,-,53.11,-,916.71,0.53,0.90,1.10,1.35,-0.73%,-10.48%,-6.25%,42.49,-4.40%,-14.40%,-2.30%,12.40%,-0.40%,-4.60%,72.04M,48.42M,4.44%,7.03,39.64,-24.69%,28.32%,30.05,-2.67,-2.70%,52.90%,1.20%,0.00%,73.30%,3.22%,2.40,7.86%,954,2.50
2018-12-07,16:30:34 ,30.71,0.56%,"528,221",310.26K,2.21B,-187.90M,4.13B,1.76,-,53.41,-,921.81,0.54,0.90,1.10,1.35,0.17%,-9.70%,-5.77%,42.92,-4.40%,-14.40%,-2.30%,12.40%,-0.40%,-4.60%,72.04M,48.42M,4.44%,6.93,39.64,-24.27%,27.03%,30.54,-2.67,-2.70%,52.90%,1.20%,0.00%,73.30%,3.22%,2.40,7.82%,954,2.50
2018-12-10,16:30:47 ,29.82,-2.90%,"215,993",315.06K,2.11B,-187.90M,4.13B,1.71,-,46.30,-,880.06,0.51,0.90,1.10,1.35,-2.30%,-12.06%,-8.55%,38.59,-4.40%,-14.40%,-2.30%,12.40%,-0.40%,-4.60%,70.83M,48.42M,4.44%,6.83,39.64,-26.46%,20.97%,30.71,-2.67,-2.70%,52.90%,7.60%,0.00%,73.30%,3.27%,2.40,8.05%,954,2.50
2018-12-11,16:30:45 ,29.41,-1.37%,"237,564",312.08K,2.08B,-187.90M,4.13B,1.68,-,45.67,-,867.96,0.50,0.90,1.10,1.35,-3.06%,-12.96%,-9.84%,36.97,-4.40%,-14.40%,-2.30%,12.40%,-0.40%,-4.60%,70.83M,48.42M,4.44%,6.89,39.64,-27.47%,18.59%,29.82,-2.67,-2.70%,52.90%,7.60%,0.00%,73.30%,3.27%,2.40,8.16%,954,2.50
2018-12-12,16:31:21 ,29.98,1.94%,"363,693",305.98K,2.12B,-187.90M,4.13B,1.72,-,46.55,-,884.78,0.51,0.90,1.10,1.35,-0.56%,-10.88%,-8.13%,41.63,-4.40%,-14.40%,-2.30%,12.40%,-0.40%,-4.60%,70.83M,48.42M,4.44%,7.03,39.64,-26.07%,20.89%,29.41,-2.67,-2.70%,52.90%,7.60%,0.00%,73.30%,3.27%,2.40,8.01%,954,2.50
2018-12-13,16:31:48 ,31.80,6.07%,"329,198",307.63K,2.25B,-187.90M,4.13B,1.82,-,49.38,-,938.50,0.55,0.90,1.10,1.35,5.93%,-5.05%,-2.60%,53.39,-4.40%,-14.40%,-2.30%,12.40%,-0.40%,-4.60%,70.83M,48.42M,4.44%,6.99,39.64,-21.58%,28.23%,29.98,-2.67,-2.70%,52.90%,7.60%,0.00%,73.30%,3.27%,2.40,7.55%,954,2.50
2018-12-14,16:30:58 ,32.30,1.57%,"817,279",295.45K,2.29B,-187.90M,4.13B,1.85,-,50.16,-,953.25,0.55,0.90,1.10,1.35,7.59%,-3.26%,-1.15%,55.07,-4.40%,-14.40%,-2.30%,12.40%,-0.40%,-4.60%,70.83M,48.42M,4.44%,7.28,39.64,-20.35%,30.24%,31.80,-2.67,-2.70%,52.90%,7.60%,0.00%,73.30%,3.27%,2.40,7.43%,954,2.50
2018-12-17,16:30:04 ,31.42,-2.72%,"226,542",304.32K,2.20B,-187.90M,4.13B,1.80,-,47.97,-,917.99,0.53,0.90,1.10,1.35,4.50%,-5.61%,-3.92%,50.12,-4.40%,-14.40%,-2.30%,12.40%,-0.40%,-4.60%,70.12M,48.42M,4.18%,6.64,39.45,-22.52%,26.69%,32.30,-2.67,-2.70%,52.90%,7.60%,0.00%,73.30%,3.31%,2.40,7.64%,954,2.50
2018-12-18,16:30:05 ,29.68,-5.54%,"380,387",298.94K,2.08B,-187.90M,4.13B,1.70,-,45.31,-,867.15,0.50,0.90,1.10,1.35,-1.40%,-10.50%,-9.30%,41.57,-4.40%,-14.40%,-2.30%,12.40%,-0.40%,-4.60%,70.12M,48.42M,4.18%,6.76,39.45,-26.81%,19.68%,31.42,-2.67,-2.70%,52.90%,7.60%,0.00%,73.30%,3.31%,2.40,8.09%,954,2.50
2018-12-19,16:30:09 ,29.50,-0.61%,"1,703,087",303.74K,2.07B,-187.90M,4.13B,1.69,-,45.04,-,861.89,0.50,0.90,1.10,1.35,-1.93%,-10.60%,-9.88%,40.84,-4.40%,-14.40%,-2.30%,12.40%,-0.40%,-4.60%,70.12M,48.42M,4.18%,6.66,39.45,-27.25%,18.95%,29.68,-2.67,-2.70%,52.90%,7.60%,0.00%,73.30%,3.31%,2.40,8.14%,954,2.50
2018-12-20,16:30:10 ,28.08,-4.81%,"549,541",328.65K,1.97B,-187.90M,4.13B,1.61,-,42.87,-,820.40,0.48,0.90,1.10,1.35,-6.62%,-14.46%,-14.23%,34.51,-4.40%,-14.40%,-2.30%,12.40%,-0.40%,-4.60%,70.12M,48.42M,4.18%,6.15,39.45,-30.75%,13.23%,29.50,-2.67,-2.70%,52.90%,7.60%,0.00%,73.30%,3.31%,2.40,8.55%,954,2.50
2018-12-24,16:30:32 ,26.94,-4.26%,"167,977",350.23K,1.89B,-187.90M,4.13B,1.54,-,41.13,-,787.10,0.46,0.90,1.10,1.35,-10.15%,-16.89%,-17.70%,31.03,-4.40%,-14.40%,-2.30%,12.40%,-0.40%,-4.60%,70.12M,48.42M,4.18%,5.77,39.45,-33.56%,8.63%,28.14,-2.67,-2.70%,52.90%,7.60%,0.00%,73.30%,3.31%,2.40,8.91%,954,2.50
2018-12-25,16:30:45 ,26.94,-4.26%,"167,977",350.23K,1.89B,-187.90M,4.13B,1.54,-,41.13,-,787.10,0.46,0.90,1.10,1.35,-10.15%,-16.89%,-17.70%,31.03,-4.40%,-14.40%,-2.30%,12.40%,-0.40%,-4.60%,70.12M,48.42M,4.18%,5.77,39.45,-33.56%,8.63%,28.14,-2.67,-2.70%,52.90%,7.60%,0.00%,73.30%,3.31%,2.40,8.91%,954,2.50
2018-12-26,16:30:37 ,28.52,5.86%,"453,083",348.31K,2.00B,-187.90M,4.13B,1.63,-,43.54,-,833.26,0.48,0.90,1.10,1.35,-4.57%,-11.46%,-12.86%,40.79,-4.40%,-14.40%,-2.30%,12.40%,-0.40%,-4.60%,70.12M,48.42M,4.18%,5.81,39.45,-29.67%,15.00%,26.94,-2.67,-2.70%,52.90%,7.60%,0.00%,73.30%,3.31%,2.40,8.42%,954,2.50
2018-12-27,16:30:40 ,28.34,-0.63%,"419,835",354.18K,2.11B,-187.90M,4.13B,1.62,-,43.27,-,878.42,0.51,0.90,1.10,1.35,-5.01%,-11.56%,-13.42%,40.12,-4.40%,-14.40%,-2.30%,12.40%,-0.40%,-4.60%,74.39M,48.42M,4.18%,5.71,39.45,-30.11%,14.27%,28.52,-2.67,-2.70%,52.90%,7.60%,0.00%,73.30%,3.11%,2.40,8.47%,954,2.40
2018-12-28,16:30:55 ,28.51,0.60%,"386,845",358.48K,2.12B,-187.90M,4.13B,1.63,-,43.53,-,883.69,0.51,0.90,1.10,1.35,-4.25%,-10.56%,-12.92%,41.14,-4.40%,-14.40%,-2.30%,12.40%,-0.40%,-4.60%,74.39M,48.42M,4.18%,5.64,39.45,-29.69%,14.96%,28.34,-2.67,-2.70%,52.90%,7.60%,0.00%,73.30%,3.11%,2.40,8.42%,954,2.40
2018-12-31,16:30:05 ,27.91,-2.10%,"648,578",362.72K,2.08B,-187.90M,4.13B,1.60,-,42.61,-,865.09,0.50,0.90,1.10,1.35,-6.07%,-11.93%,-14.77%,38.96,-4.40%,-14.40%,-2.30%,12.40%,-0.40%,-4.60%,74.39M,48.42M,4.18%,5.57,39.45,-31.17%,12.54%,28.51,-2.67,-2.70%,52.90%,7.60%,0.00%,73.30%,3.11%,2.40,8.60%,954,2.40
2019-01-02,16:30:11 ,29.03,4.01%,"324,923",367.26K,2.16B,-187.90M,4.13B,1.66,-,44.32,-,899.81,0.52,0.90,1.10,1.35,-1.95%,-7.87%,-11.37%,46.00,-4.40%,-14.40%,-2.30%,12.40%,-0.40%,-4.60%,74.39M,48.42M,4.18%,5.51,39.45,-28.41%,17.06%,27.91,-2.67,-2.70%,52.90%,7.60%,0.00%,73.30%,3.11%,2.40,8.27%,954,2.40
2019-01-03,16:32:03 ,28.60,-1.48%,"202,715",373.97K,2.13B,-187.90M,4.13B,1.64,-,43.66,-,886.48,0.51,0.90,1.10,1.35,-3.29%,-8.80%,-12.71%,44.17,-4.40%,-14.40%,-2.30%,12.40%,-0.40%,-4.60%,74.39M,48.42M,4.18%,5.41,39.45,-29.47%,15.32%,29.03,-2.67,-2.70%,52.90%,7.60%,0.00%,73.30%,3.11%,2.40,8.39%,954,2.40
2019-01-04,16:31:18 ,29.69,3.81%,"562,074",375.96K,2.21B,-187.90M,4.13B,1.70,-,45.33,-,920.27,0.53,0.90,1.10,1.35,0.77%,-4.85%,-9.41%,50.21,-4.40%,-14.40%,-2.30%,12.40%,-0.40%,-4.60%,74.39M,48.42M,4.18%,5.38,39.45,-26.78%,19.72%,28.60,-2.67,-2.70%,52.90%,7.60%,0.00%,73.30%,3.11%,2.40,8.08%,954,2.40
2019-01-07,16:31:45 ,29.89,0.67%,"360,946",379.90K,2.08B,-187.90M,4.13B,1.71,-,45.63,-,867.31,0.50,0.90,1.10,1.35,1.51%,-3.75%,-8.86%,50.44,-4.40%,-14.40%,-2.30%,12.40%,-0.40%,-4.60%,69.64M,48.42M,4.79%,6.11,39.45,-26.29%,20.52%,29.69,-2.67,-2.70%,52.90%,7.60%,0.00%,73.30%,0.05%,2.40,8.03%,954,2.40
2019-01-08,16:30:52 ,30.30,1.37%,"481,503",383.89K,2.11B,-187.90M,4.13B,1.74,-,46.26,-,879.20,0.51,0.90,1.10,1.35,3.01%,-1.99%,-7.66%,52.97,-4.40%,-14.40%,-2.30%,12.40%,-0.40%,-4.60%,69.64M,48.42M,4.79%,6.05,39.45,-25.28%,22.18%,29.89,-2.67,-2.70%,52.90%,7.60%,0.00%,73.30%,0.05%,2.40,7.92%,954,2.40
2019-01-09,16:31:00 ,31.71,4.65%,"378,665",389.96K,2.21B,-187.90M,4.13B,1.82,-,48.41,-,920.12,0.53,0.90,1.10,1.35,7.88%,2.97%,-3.42%,58.89,-4.40%,-14.40%,-2.30%,12.40%,-0.40%,-4.60%,69.64M,48.42M,4.79%,5.95,39.45,-21.80%,27.86%,30.30,-2.67,-2.70%,52.90%,7.60%,0.00%,73.30%,0.05%,2.40,7.57%,954,2.40
2019-01-10,16:31:30 ,31.30,-1.29%,"179,997",391.24K,2.18B,-187.90M,4.13B,1.79,-,47.79,-,908.22,0.53,0.90,1.10,1.35,6.15%,1.94%,-4.74%,56.20,-4.40%,-14.40%,-2.30%,12.40%,-0.40%,-4.60%,69.64M,48.42M,4.79%,5.93,39.45,-22.81%,26.21%,31.71,-2.67,-2.70%,52.90%,7.60%,0.00%,73.30%,0.05%,2.40,7.67%,954,2.40
2019-01-11,16:30:02 ,30.79,-1.63%,"366,019",389.84K,2.14B,-187.90M,4.13B,1.76,-,47.01,-,893.42,0.52,0.90,1.10,1.35,4.08%,0.58%,-6.36%,53.21,-4.40%,-14.40%,-2.30%,12.40%,-0.40%,-4.60%,69.64M,48.42M,4.79%,5.96,39.45,-24.07%,22.67%,31.30,-2.67,-2.70%,52.90%,7.60%,0.00%,73.30%,0.05%,2.40,7.79%,954,2.40
2019-01-14,20:19:52 ,30.24,-1.79%,"279,298",392.90K,2.19B,-187.90M,4.13B,1.73,-,46.17,-,912.24,0.53,0.90,1.10,1.35,2.08%,-0.91%,-8.10%,50.47,-4.40%,-14.40%,-2.30%,12.40%,-0.40%,-4.60%,72.40M,48.44M,5.36%,6.60,38.82,-25.43%,20.48%,30.79,-2.67,-2.70%,52.90%,2.00%,0.00%,73.30%,0.06%,2.40,7.94%,954,2.40
2019-01-15,17:23:59 ,31.35,3.67%,"167,025",392.67K,2.27B,-187.90M,4.13B,1.80,-,47.86,-,945.73,0.55,0.90,1.10,1.35,6.11%,3.03%,-4.80%,56.39,-4.40%,-14.40%,-2.30%,12.40%,-0.40%,-4.60%,72.40M,48.44M,5.36%,6.61,38.82,-22.69%,24.90%,30.24,-2.67,-2.70%,52.90%,2.00%,0.00%,73.30%,0.06%,2.40,7.66%,954,2.40
2019-01-16,16:30:33 ,31.18,-0.54%,"85,940",393.49K,2.26B,-187.90M,4.13B,1.79,-,47.60,-,940.60,0.55,0.90,1.10,1.35,5.71%,2.63%,-5.39%,55.59,-4.40%,-14.40%,-2.30%,12.40%,-0.40%,-4.60%,72.40M,48.44M,5.36%,6.59,38.82,-23.11%,24.22%,31.35,-2.67,-2.70%,52.90%,2.00%,0.00%,73.30%,0.06%,2.40,7.70%,954,2.40
2019-01-17,16:30:39 ,31.30,0.38%,"243,559",392.32K,2.27B,-187.90M,4.13B,1.79,-,47.79,-,944.22,0.55,0.90,1.10,1.35,6.16%,3.15%,-5.11%,56.63,-4.40%,-14.40%,-2.30%,12.40%,-0.40%,-4.60%,72.40M,48.44M,5.36%,6.61,38.82,-22.81%,24.70%,31.18,-2.67,-2.70%,52.90%,2.00%,0.00%,73.30%,0.06%,2.40,7.67%,954,2.40
2019-01-18,16:30:46 ,32.25,3.04%,"403,164",393.29K,2.33B,-187.90M,4.13B,1.85,-,49.24,-,972.88,0.56,0.90,1.10,1.35,9.08%,6.38%,-2.30%,61.56,-4.40%,-14.40%,-2.30%,12.40%,-0.40%,-4.60%,72.40M,48.44M,5.36%,6.60,38.82,-20.47%,28.49%,31.30,-2.67,-2.70%,52.90%,2.00%,0.00%,73.30%,0.06%,2.40,7.44%,954,2.40
2019-01-22,18:31:44 ,30.90,-4.19%,"254,301",396.93K,2.14B,-187.90M,4.13B,1.77,-,46.40,-,889.92,0.52,0.90,1.10,1.35,4.03%,2.01%,-6.49%,53.46,-4.40%,-14.40%,-2.30%,12.40%,-0.40%,-4.60%,69.12M,48.16M,5.39%,6.54,38.27,-23.80%,23.11%,32.25,-2.67,-2.70%,52.90%,2.40%,0.00%,73.50%,0.22%,2.40,7.77%,954,2.40
2019-01-23,16:30:44 ,30.96,0.19%,"232,363",401.02K,2.14B,-187.90M,4.13B,1.77,-,46.49,-,891.65,0.52,0.90,1.10,1.35,3.74%,2.33%,-6.37%,54.62,-4.40%,-14.40%,-2.30%,12.40%,-0.40%,-4.60%,69.12M,48.16M,5.39%,6.47,38.27,-23.65%,23.35%,30.90,-2.67,-2.70%,52.90%,2.40%,0.00%,73.50%,0.22%,2.40,7.75%,954,2.40
2019-01-24,16:30:27 ,31.72,2.45%,"223,896",402.93K,2.19B,-187.90M,4.13B,1.82,-,47.63,-,913.54,0.53,0.90,1.10,1.35,5.78%,5.02%,-4.14%,57.77,-4.40%,-14.40%,-2.30%,12.40%,-0.40%,-4.60%,69.12M,48.16M,5.39%,6.44,38.27,-21.78%,26.37%,30.96,-2.67,-2.70%,52.90%,2.40%,0.00%,73.50%,0.22%,2.40,7.57%,954,2.40
2019-01-25,16:30:32 ,32.47,2.36%,"237,157",402.70K,2.24B,-187.90M,4.13B,1.86,-,48.75,-,935.14,0.54,0.90,1.10,1.35,7.43%,7.62%,-1.96%,61.68,-4.40%,-14.40%,-2.30%,12.40%,-0.40%,-4.60%,69.12M,48.16M,5.39%,6.44,38.27,-19.93%,29.36%,31.72,-2.67,-2.70%,52.90%,2.40%,0.00%,73.50%,0.22%,2.40,7.39%,954,2.40
2019-01-28,16:30:22 ,32.56,0.28%,"308,356",402.61K,2.27B,-187.90M,4.13B,1.86,-,48.89,-,943.83,0.55,0.90,1.10,1.35,7.03%,7.97%,-1.77%,61.77,-4.40%,-14.40%,-2.30%,12.40%,-0.40%,-4.60%,69.57M,48.21M,5.74%,6.87,38.27,-19.70%,29.72%,32.47,-2.67,-2.70%,52.90%,2.40%,0.00%,72.70%,-0.87%,2.40,7.37%,954,2.40
2019-01-29,16:32:40 ,32.29,-0.83%,"167,860",405.18K,2.25B,-187.90M,4.13B,1.85,-,48.48,-,936.01,0.54,0.90,1.10,1.35,5.41%,7.08%,-2.66%,59.84,-4.40%,-14.40%,-2.30%,12.40%,-0.40%,-4.60%,69.57M,48.21M,5.74%,6.83,38.27,-20.37%,28.65%,32.56,-2.67,-2.70%,52.90%,2.40%,0.00%,72.70%,-0.87%,2.40,7.43%,954,2.40
2019-01-30,16:30:44 ,32.81,1.61%,"119,531",403.63K,2.28B,-187.90M,4.13B,1.88,-,49.26,-,951.08,0.55,0.90,1.10,1.35,6.45%,8.77%,-1.17%,62.04,-4.40%,-14.40%,-2.30%,12.40%,-0.40%,-4.60%,69.57M,48.21M,5.74%,6.86,38.27,-19.09%,30.72%,32.29,-2.67,-2.70%,52.90%,2.40%,0.00%,72.70%,-0.87%,2.40,7.31%,954,2.40
2019-01-31,16:30:45 ,31.71,-3.35%,"189,405",395.72K,2.21B,-187.90M,4.13B,1.82,-,47.61,-,919.19,0.53,0.90,1.10,1.35,2.07%,5.02%,-4.56%,54.16,-4.40%,-14.40%,-2.30%,12.40%,-0.40%,-4.60%,69.57M,48.21M,5.74%,6.99,38.27,-21.80%,26.33%,32.81,-2.67,-2.70%,52.90%,2.40%,0.00%,72.70%,-0.87%,2.40,7.57%,954,2.40
2019-02-01,16:30:56 ,32.50,2.49%,"231,713",393.58K,2.26B,-187.90M,4.13B,1.86,-,48.80,-,942.09,0.55,0.90,1.10,1.35,4.16%,7.57%,-2.25%,58.21,-4.40%,-14.40%,-2.30%,12.40%,-0.40%,-4.60%,69.57M,48.21M,5.74%,7.03,38.27,-19.85%,29.48%,31.71,-2.67,-2.70%,52.90%,2.40%,0.00%,72.70%,-0.87%,2.40,7.38%,954,2.40
2019-02-04,16:32:00 ,32.76,0.80%,"183,157",391.70K,2.28B,-187.90M,4.13B,1.88,-,49.19,-,949.63,0.55,0.90,1.10,1.35,4.34%,8.26%,-1.54%,58.58,-4.40%,-14.40%,-2.30%,12.40%,-0.40%,-4.60%,69.57M,48.21M,5.74%,7.06,38.27,-19.21%,30.52%,32.50,-2.67,-2.70%,52.90%,2.40%,0.00%,72.70%,-0.87%,2.40,7.33%,954,2.40
2019-02-05,16:30:24 ,32.73,-0.09%,"104,135",386.91K,2.28B,-187.90M,4.13B,1.87,-,49.14,-,948.76,0.55,0.90,1.10,1.35,3.74%,7.94%,-1.70%,58.72,-4.40%,-14.40%,-2.30%,12.40%,-0.40%,-4.60%,69.57M,48.21M,5.74%,7.15,38.27,-19.28%,30.40%,32.76,-2.67,-2.70%,52.90%,2.40%,0.00%,72.70%,-0.87%,2.40,7.33%,954,2.40
2019-02-06,16:30:32 ,31.60,-3.45%,"221,619",381.23K,2.20B,-187.90M,4.13B,1.81,-,47.45,-,916.01,0.53,0.90,1.10,1.35,-0.29%,3.92%,-5.17%,50.65,-4.40%,-14.40%,-2.30%,12.40%,-0.40%,-4.60%,69.57M,48.21M,5.74%,7.26,38.27,-22.07%,25.90%,32.73,-2.67,-2.70%,52.90%,2.40%,0.00%,72.70%,-0.87%,2.40,7.59%,954,2.40
2019-02-07,16:30:44 ,31.08,-1.65%,"167,199",379.54K,2.16B,-187.90M,4.13B,1.78,-,46.67,-,900.93,0.52,0.90,1.10,1.35,-2.13%,2.07%,-6.79%,47.39,-4.40%,-14.40%,-2.30%,12.40%,-0.40%,-4.60%,69.57M,48.21M,5.74%,7.29,38.27,-23.35%,23.82%,31.60,-2.67,-2.70%,52.90%,2.40%,0.00%,72.70%,-0.87%,2.40,7.72%,954,2.40
2019-02-08,16:30:46 ,30.77,-1.00%,"93,001",375.76K,2.14B,-187.90M,4.13B,1.76,-,46.20,-,891.95,0.52,0.90,1.10,1.35,-3.01%,0.90%,-7.76%,46.23,-4.40%,-14.40%,-2.30%,12.40%,-0.40%,-4.60%,69.57M,48.21M,5.74%,7.36,38.27,-24.12%,22.59%,31.08,-2.67,-2.70%,52.90%,2.40%,0.00%,72.70%,-0.87%,2.40,7.80%,954,2.40
2019-02-11,16:31:06 ,30.89,0.39%,"71,589",371.10K,2.22B,-187.90M,4.13B,1.77,-,51.23,-,925.93,0.54,0.90,1.10,1.35,-2.55%,1.22%,-7.45%,47.29,-4.40%,-14.40%,-2.30%,12.40%,-0.40%,-4.60%,71.94M,48.21M,5.74%,7.46,38.27,-23.82%,23.07%,30.77,-2.67,-2.70%,52.90%,2.40%,0.00%,73.30%,0.05%,2.40,7.77%,954,2.40
2019-02-12,16:31:15 ,31.82,3.01%,"97,919",365.27K,2.29B,-187.90M,4.13B,1.82,-,52.77,-,953.80,0.55,0.90,1.10,1.35,0.37%,4.17%,-4.72%,52.66,-4.40%,-14.40%,-2.30%,12.40%,-0.40%,-4.60%,71.94M,48.21M,5.74%,7.58,38.27,-21.53%,26.77%,30.89,-2.67,-2.70%,52.90%,2.40%,0.00%,73.30%,0.05%,2.40,7.54%,954,2.40
2019-02-13,16:32:47 ,32.60,2.45%,"215,949",362.81K,2.35B,-187.90M,4.13B,1.87,-,54.06,-,977.18,0.57,0.90,1.10,1.35,2.57%,6.58%,-2.46%,55.53,-4.40%,-14.40%,-2.30%,12.40%,-0.40%,-4.60%,71.94M,48.21M,5.74%,7.63,38.27,-19.61%,29.88%,31.82,-2.67,-2.70%,52.90%,2.40%,0.00%,73.30%,0.05%,2.40,7.36%,954,2.40
2019-02-14,16:32:37 ,32.90,0.92%,"226,774",359.03K,2.37B,-187.90M,4.13B,1.88,-,54.56,-,986.18,0.57,0.90,1.10,1.35,3.31%,7.38%,-1.63%,56.60,-4.40%,-14.40%,-2.30%,12.40%,-0.40%,-4.60%,71.94M,48.21M,5.74%,7.71,38.27,-18.87%,31.08%,32.60,-2.67,-2.70%,52.90%,2.40%,0.00%,73.30%,0.05%,2.40,7.29%,954,2.40
2019-02-15,16:31:01 ,32.82,-0.24%,"151,500",353.84K,2.36B,-187.90M,4.13B,1.88,-,54.43,-,983.78,0.57,0.90,1.10,1.35,2.78%,6.90%,-1.96%,56.64,-4.40%,-14.40%,-2.30%,12.40%,-0.40%,-4.60%,71.94M,48.21M,5.74%,7.82,38.27,-19.06%,30.76%,32.90,-2.67,-2.70%,52.90%,2.40%,0.00%,73.30%,0.05%,2.40,7.31%,954,2.40
2019-02-19,16:31:53 ,34.28,4.45%,"495,199",348.90K,2.45B,-187.90M,4.13B,1.96,-,58.00,-,1019.69,0.59,0.90,1.10,1.35,7.10%,11.50%,2.33%,65.57,-4.40%,-14.40%,-2.30%,12.40%,-0.40%,-4.60%,71.39M,48.20M,5.69%,7.86,37.64,-15.46%,36.57%,32.82,-2.67,-2.70%,52.90%,2.40%,0.00%,72.60%,-1.01%,2.40,7.00%,954,2.50
2019-02-20,16:31:20 ,34.04,-0.70%,"203,187",347.55K,2.43B,-187.90M,4.13B,1.95,-,57.60,-,1012.55,0.59,0.90,1.10,1.35,6.02%,10.42%,1.53%,63.77,-4.40%,-14.40%,-2.30%,12.40%,-0.40%,-4.60%,71.39M,48.20M,5.69%,7.89,37.64,-16.05%,35.62%,34.28,-2.67,-2.70%,52.90%,2.40%,0.00%,72.60%,-1.01%,2.40,7.05%,954,2.50
2019-02-22,16:31:45 ,33.12,-0.21%,"206,642",340.47K,2.36B,-187.90M,4.13B,1.90,-,56.04,-,985.18,0.57,0.90,1.10,1.35,2.29%,7.02%,-1.36%,58.18,-4.40%,-14.40%,-2.30%,12.40%,-0.40%,-4.60%,71.39M,48.20M,5.69%,8.06,37.64,-18.32%,31.95%,33.19,-2.67,-2.70%,52.90%,2.40%,0.00%,72.60%,-1.01%,2.40,7.25%,954,2.50
2019-02-25,16:31:15 ,32.86,-0.79%,"319,737",338.28K,2.35B,-9.30M,3.65B,1.88,-,25.87,-,977.17,0.64,0.90,1.10,1.35,1.27%,5.95%,-2.20%,57.45,-5.10%,-16.40%,-2.30%,14.40%,-1.10%,-5.90%,71.37M,48.20M,5.69%,8.11,38.00,-18.96%,30.92%,33.12,-0.13,-2.70%,52.90%,2.40%,0.00%,74.40%,2.64%,2.40,7.30%,954,2.50
2019-02-26,16:31:29 ,31.50,-4.14%,"407,297",344.50K,2.25B,-9.30M,3.65B,1.80,-,24.80,-,936.73,0.62,0.90,1.10,1.35,-2.98%,1.34%,-6.31%,47.02,-5.10%,-16.40%,-2.30%,14.40%,-1.10%,-5.90%,71.37M,48.20M,5.69%,7.96,38.00,-22.32%,25.50%,32.86,-0.13,-2.70%,52.90%,2.40%,0.00%,74.40%,2.64%,2.40,7.62%,954,2.50
2019-02-27,16:30:50 ,32.01,1.62%,"529,880",347.22K,2.28B,-9.30M,3.65B,1.83,-,25.20,-,951.90,0.63,0.90,1.10,1.35,-1.24%,2.88%,-4.83%,50.64,-5.10%,-16.40%,-2.30%,14.40%,-1.10%,-5.90%,71.37M,48.20M,5.69%,7.90,38.00,-21.06%,27.53%,31.50,-0.13,-2.70%,52.90%,2.40%,0.00%,74.40%,2.64%,2.40,7.50%,954,2.50
2019-02-28,16:31:00 ,31.72,-0.91%,"1,195,831",350.19K,2.26B,-9.30M,3.65B,1.82,-,24.98,-,943.27,0.62,0.90,1.10,1.35,-2.10%,1.94%,-5.72%,48.82,-5.10%,-16.40%,-2.30%,14.40%,-1.10%,-5.90%,71.37M,48.20M,5.69%,7.83,38.00,-21.78%,26.37%,32.01,-0.13,-2.70%,52.90%,2.40%,0.00%,74.40%,2.64%,2.40,7.57%,954,2.50
2019-03-01,16:33:09 ,31.04,-2.14%,"349,832",366.17K,2.22B,-9.30M,3.65B,1.78,-,24.44,-,923.05,0.61,0.90,1.10,1.35,-4.03%,-0.21%,-7.78%,45.44,-5.10%,-16.40%,-2.30%,14.40%,-1.10%,-5.90%,71.37M,48.20M,5.69%,7.49,38.00,-23.45%,23.67%,31.72,-0.13,-2.70%,52.90%,2.40%,0.00%,74.40%,2.64%,2.40,7.73%,954,2.50
2019-03-04,16:33:20 ,30.83,-0.68%,"392,996",365.78K,2.24B,-9.30M,3.65B,1.77,-,25.46,-,130.06,0.61,0.90,1.10,1.42,-4.59%,-0.86%,-8.42%,43.36,-0.20%,-0.70%,5.50%,14.40%,4.50%,-0.30%,72.56M,49.12M,5.63%,7.56,37.91,-23.97%,22.83%,31.04,-0.13,-38.40%,128.90%,2.40%,0.00%,73.70%,2.62%,2.40,7.78%,859,2.50
2019-03-05,16:32:16 ,31.65,2.66%,"309,605",369.05K,2.30B,-9.30M,3.65B,1.82,-,26.14,-,133.52,0.63,0.90,1.10,1.42,-1.79%,1.70%,-5.99%,49.70,-0.20%,-0.70%,5.50%,14.40%,4.50%,-0.30%,72.56M,49.12M,5.63%,7.49,37.91,-21.95%,26.10%,30.83,-0.13,-38.40%,128.90%,2.40%,0.00%,73.70%,2.62%,2.40,7.58%,859,2.50
2019-03-06,16:32:37 ,31.40,-0.79%,"107,766",368.06K,2.28B,-9.30M,3.65B,1.80,-,25.93,-,132.46,0.62,0.90,1.10,1.42,-2.40%,0.76%,-6.76%,47.29,-0.20%,-0.70%,5.50%,14.40%,4.50%,-0.30%,72.56M,49.12M,5.63%,7.51,37.91,-22.56%,25.10%,31.65,-0.13,-38.40%,128.90%,2.40%,0.00%,73.70%,2.62%,2.40,7.64%,859,2.50
2019-03-07,16:32:39 ,32.05,2.07%,"284,841",363.59K,2.33B,-9.30M,3.65B,1.84,-,26.47,-,135.21,0.64,0.90,1.10,1.42,-0.17%,2.62%,-4.84%,51.73,-0.20%,-0.70%,5.50%,14.40%,4.50%,-0.30%,72.56M,49.12M,5.63%,7.61,37.91,-20.96%,27.69%,31.40,-0.13,-38.40%,128.90%,2.40%,0.00%,73.70%,2.62%,2.40,7.49%,859,2.50
2019-03-08,16:32:11 ,32.89,2.62%,"472,492",358.61K,2.39B,-9.30M,3.65B,1.89,-,27.16,-,138.75,0.65,0.90,1.10,1.42,2.37%,5.05%,-2.37%,56.57,-0.20%,-0.70%,5.50%,14.40%,4.50%,-0.30%,72.56M,49.12M,5.63%,7.71,37.91,-18.89%,31.04%,32.05,-0.13,-38.40%,128.90%,2.40%,0.00%,73.70%,2.62%,2.40,7.30%,859,2.50
2019-03-11,16:31:59 ,34.36,4.47%,"1,259,443",360.47K,2.41B,-9.30M,3.65B,1.97,-,28.37,-,139.96,0.66,0.90,1.10,1.42,6.65%,9.33%,1.97%,62.90,-0.20%,-0.70%,5.50%,14.40%,4.50%,-0.30%,70.06M,49.12M,5.63%,7.67,37.91,-15.27%,36.89%,32.89,-0.13,-38.40%,128.90%,2.40%,0.00%,73.70%,2.72%,2.40,6.98%,859,2.50
2019-03-12,16:31:41 ,34.25,-0.32%,"309,541",378.12K,2.40B,-9.30M,3.65B,1.97,-,28.28,-,139.51,0.66,0.90,1.10,1.42,5.71%,8.58%,1.61%,62.44,-0.20%,-0.70%,5.50%,14.40%,4.50%,-0.30%,70.06M,49.12M,5.63%,7.31,37.91,-15.54%,36.45%,34.36,-0.13,-38.40%,128.90%,2.40%,0.00%,73.70%,2.72%,2.40,7.01%,859,2.50
2019-03-13,16:32:25 ,34.14,-0.32%,"357,492",377.30K,2.39B,-9.30M,3.65B,1.96,-,28.19,-,139.06,0.65,0.90,1.10,1.42,4.83%,7.82%,1.25%,62.01,-0.20%,-0.70%,5.50%,14.40%,4.50%,-0.30%,70.06M,49.12M,5.63%,7.33,37.91,-15.81%,36.02%,34.25,-0.13,-38.40%,128.90%,2.40%,0.00%,73.70%,2.72%,2.40,7.03%,859,2.50
2019-03-14,16:32:13 ,34.17,0.09%,"279,144",377.77K,2.39B,-9.30M,3.65B,1.96,-,28.22,-,139.18,0.66,0.90,1.10,1.42,4.55%,7.54%,1.31%,62.77,-0.20%,-0.70%,5.50%,14.40%,4.50%,-0.30%,70.06M,49.12M,5.63%,7.32,37.91,-15.73%,36.14%,34.14,-0.13,-38.40%,128.90%,2.40%,0.00%,73.70%,2.72%,2.40,7.02%,859,2.50
2019-03-15,16:32:41 ,34.15,-0.06%,"496,654",368.08K,2.39B,-9.30M,3.65B,1.96,-,28.20,-,139.10,0.65,0.90,1.10,1.42,4.24%,7.05%,1.20%,61.79,-0.20%,-0.70%,5.50%,14.40%,4.50%,-0.30%,70.06M,49.12M,5.63%,7.51,37.91,-15.78%,36.06%,34.17,-0.13,-38.40%,128.90%,2.40%,0.00%,73.70%,2.72%,2.40,7.03%,859,2.50
2019-03-18,16:30:17 ,34.38,0.67%,"208,357",370.19K,2.47B,-9.30M,3.65B,1.97,-,27.95,-,143.80,0.68,0.90,1.10,1.42,4.74%,7.43%,1.86%,63.32,-0.20%,-0.70%,5.50%,14.40%,4.50%,-0.30%,71.94M,49.12M,5.64%,7.48,37.80,-15.22%,36.97%,34.15,-0.13,-38.40%,128.90%,2.40%,0.00%,73.70%,2.64%,2.40,6.98%,859,2.50
2019-03-19,16:31:15 ,34.67,0.84%,"364,473",369.45K,2.49B,-9.30M,3.65B,1.99,-,28.19,-,145.01,0.68,0.90,1.10,1.42,5.38%,7.94%,2.70%,64.75,-0.20%,-0.70%,5.50%,14.40%,4.50%,-0.30%,71.94M,49.12M,5.64%,7.49,37.80,-14.50%,38.13%,34.38,-0.13,-38.40%,128.90%,2.40%,0.00%,73.70%,2.64%,2.40,6.92%,859,2.50
2019-03-20,16:34:51 ,34.74,0.20%,"359,814",347.18K,2.50B,-9.30M,3.65B,1.99,-,28.24,-,145.30,0.68,0.90,1.10,1.42,5.53%,7.83%,2.89%,64.18,-0.20%,-0.70%,5.50%,14.40%,4.50%,-0.30%,71.94M,49.12M,5.64%,7.97,37.80,-14.33%,38.41%,34.67,-0.13,-38.40%,128.90%,2.40%,0.00%,73.70%,2.64%,2.40,6.91%,859,2.50
2019-03-21,16:31:09 ,35.65,2.62%,"367,804",344.01K,2.56B,-9.30M,3.65B,2.05,-,28.98,-,149.11,0.70,0.90,1.10,1.42,8.17%,10.32%,5.58%,70.84,-0.20%,-0.70%,5.50%,14.40%,4.50%,-0.30%,71.94M,49.12M,5.64%,8.05,37.80,-12.08%,42.03%,34.74,-0.13,-38.40%,128.90%,2.40%,0.00%,73.70%,2.64%,2.40,6.73%,859,2.50
2019-03-22,16:31:13 ,34.75,-2.52%,"107,870",327.93K,2.50B,-9.30M,3.65B,1.99,-,28.25,-,145.34,0.68,0.90,1.10,1.42,5.05%,7.18%,2.88%,61.35,-0.20%,-0.70%,5.50%,14.40%,4.50%,-0.30%,71.94M,49.12M,5.64%,8.44,37.80,-14.30%,38.45%,35.65,-0.13,-38.40%,128.90%,2.40%,0.00%,73.70%,2.64%,2.40,6.91%,859,2.50
2019-03-25,16:32:10 ,34.38,-1.06%,"232,776",324.32K,2.54B,-9.30M,3.65B,1.97,-,27.11,-,147.43,0.69,0.90,1.10,1.42,3.68%,5.84%,1.78%,57.33,-0.20%,-0.70%,5.50%,14.40%,4.50%,-0.30%,73.76M,49.12M,5.64%,8.54,37.80,-15.22%,36.97%,34.75,-0.13,-38.40%,128.90%,2.40%,0.00%,73.70%,2.58%,2.40,6.98%,859,2.30
2019-03-26,16:31:48 ,33.91,-1.37%,"102,001",325.44K,2.50B,-9.30M,3.65B,1.95,-,26.74,-,145.42,0.68,0.90,1.10,1.42,2.03%,4.20%,0.38%,52.64,-0.20%,-0.70%,5.50%,14.40%,4.50%,-0.30%,73.76M,49.12M,5.64%,8.51,37.80,-16.37%,35.10%,34.38,-0.13,-38.40%,128.90%,2.40%,0.00%,73.70%,2.58%,2.40,7.08%,859,2.30
2019-03-27,16:29:27 ,34.16,0.74%,"257,183",319.68K,2.52B,-9.30M,3.65B,1.96,-,26.94,-,146.49,0.69,0.90,1.10,1.42,2.41%,4.76%,1.15%,54.37,-0.20%,-0.70%,5.50%,14.40%,4.50%,-0.30%,73.76M,49.12M,5.64%,8.66,37.80,-15.76%,36.10%,33.91,-0.13,-38.40%,128.90%,2.40%,0.00%,73.70%,2.58%,2.40,7.03%,859,2.30
2019-03-28,16:29:17 ,34.55,1.14%,"123,632",316.73K,2.55B,-9.30M,3.65B,1.98,-,27.25,-,148.16,0.70,0.90,1.10,1.42,3.24%,5.71%,2.29%,57.40,-0.20%,-0.70%,5.50%,14.40%,4.50%,-0.30%,73.76M,49.12M,5.64%,8.74,37.80,-14.80%,37.65%,34.16,-0.13,-38.40%,128.90%,2.40%,0.00%,73.70%,2.58%,2.40,6.95%,859,2.30
2019-03-29,16:30:42 ,35.19,1.85%,"207,106",312.43K,2.60B,-9.30M,3.65B,2.02,-,27.75,-,150.91,0.71,0.90,1.10,1.42,4.71%,7.45%,4.19%,61.09,-0.20%,-0.70%,5.50%,14.40%,4.50%,-0.30%,73.76M,49.12M,5.64%,8.86,37.80,-13.22%,39.09%,34.55,-0.13,-38.40%,128.90%,2.40%,0.00%,73.70%,2.58%,2.40,6.82%,859,2.30
2019-04-01,16:30:20 ,35.73,1.53%,"125,734",310.73K,2.52B,-9.30M,3.65B,2.05,-,29.65,-,146.64,0.69,0.90,1.10,1.42,5.67%,8.84%,5.76%,65.57,-0.20%,-0.70%,5.50%,14.40%,4.50%,-0.30%,70.59M,49.12M,5.64%,8.91,37.80,-11.89%,41.23%,35.19,-0.13,-38.40%,128.90%,2.40%,0.00%,73.70%,2.69%,2.40,6.72%,859,2.30
2019-04-02,16:30:45 ,35.52,-0.59%,"149,154",302.30K,2.51B,-9.30M,3.65B,2.04,-,29.48,-,145.78,0.69,0.90,1.10,1.42,4.29%,7.90%,5.09%,62.76,-0.20%,-0.70%,5.50%,14.40%,4.50%,-0.30%,70.59M,49.12M,5.64%,9.16,37.80,-12.40%,40.40%,35.73,-0.13,-38.40%,128.90%,2.40%,0.00%,73.70%,2.69%,2.40,6.76%,859,2.30
2019-04-03,16:30:22 ,35.46,-0.17%,"87,584",299.50K,2.50B,-9.30M,3.65B,2.04,-,29.43,-,145.53,0.69,0.90,1.10,1.42,3.53%,7.51%,4.87%,61.81,-0.20%,-0.70%,5.50%,14.40%,4.50%,-0.30%,70.59M,49.12M,5.64%,9.24,37.80,-12.55%,40.16%,35.52,-0.13,-38.40%,128.90%,2.40%,0.00%,73.70%,2.69%,2.40,6.77%,859,2.30
2019-04-04,16:30:45 ,35.37,-0.25%,"194,363",297.64K,2.50B,-9.30M,3.65B,2.03,-,29.35,-,145.16,0.68,0.90,1.10,1.42,2.66%,6.94%,4.54%,60.75,-0.20%,-0.70%,5.50%,14.40%,4.50%,-0.30%,70.59M,49.12M,5.64%,9.30,37.80,-12.77%,38.43%,35.46,-0.13,-38.40%,128.90%,2.40%,0.00%,73.70%,2.69%,2.40,6.79%,859,2.30
2019-04-05,16:30:36 ,35.91,1.53%,"210,336",291.72K,2.53B,-9.30M,3.65B,2.06,-,29.80,-,147.38,0.69,0.90,1.10,1.42,3.72%,8.28%,6.08%,65.77,-0.20%,-0.70%,5.50%,14.40%,4.50%,-0.30%,70.59M,49.12M,5.64%,9.49,37.80,-11.44%,39.19%,35.37,-0.13,-38.40%,128.90%,2.40%,0.00%,73.70%,2.69%,2.40,6.68%,859,2.30
2019-04-08,16:30:49 ,35.06,-2.37%,"217,098",290.43K,2.48B,-9.30M,3.65B,2.01,-,29.10,-,144.36,0.68,0.90,1.10,1.42,0.83%,5.45%,3.51%,57.38,-0.20%,-0.70%,5.50%,14.40%,4.50%,-0.30%,70.82M,49.79M,6.03%,10.35,37.90,-13.54%,35.89%,35.91,-0.13,-38.40%,128.90%,2.40%,0.00%,73.70%,0.02%,2.40,6.85%,859,2.30
2019-04-09,16:31:16 ,34.80,-0.74%,"121,608",285.03K,2.46B,-9.30M,3.65B,2.00,-,28.88,-,143.29,0.67,0.90,1.10,1.42,-0.02%,4.51%,2.69%,55.28,-0.20%,-0.70%,5.50%,14.40%,4.50%,-0.30%,70.82M,49.79M,6.03%,10.54,37.90,-14.18%,34.62%,35.06,-0.13,-38.40%,128.90%,2.40%,0.00%,73.70%,0.02%,2.40,6.90%,859,2.30
2019-04-10,16:32:38 ,35.65,2.44%,"364,108",280.88K,2.52B,-9.30M,3.65B,2.05,-,29.59,-,146.79,0.69,0.90,1.10,1.42,2.34%,6.92%,5.14%,60.93,-0.20%,-0.70%,5.50%,14.40%,4.50%,-0.30%,70.82M,49.79M,6.03%,10.70,37.90,-12.08%,37.64%,34.80,-0.13,-38.40%,128.90%,2.40%,0.00%,73.70%,0.02%,2.40,6.73%,859,2.30
2019-04-11,16:31:14 ,36.55,2.52%,"280,559",283.85K,2.59B,-9.30M,3.65B,2.10,-,30.33,-,150.49,0.71,0.90,1.10,1.42,4.70%,9.40%,7.74%,65.16,-0.20%,-0.70%,5.50%,14.40%,4.50%,-0.30%,70.82M,49.79M,6.03%,10.58,37.90,-9.86%,37.66%,35.65,-0.13,-38.40%,128.90%,2.40%,0.00%,73.70%,0.02%,2.40,6.57%,859,2.30
2019-04-12,16:30:46 ,37.03,1.31%,"366,779",282.48K,2.62B,-9.30M,3.65B,2.13,-,30.73,-,152.47,0.72,0.90,1.10,1.42,5.71%,10.59%,9.07%,66.88,-0.20%,-0.70%,5.50%,14.40%,4.50%,-0.30%,70.82M,49.79M,6.03%,10.64,37.90,-8.68%,39.47%,36.55,-0.13,-38.40%,128.90%,2.40%,0.00%,73.70%,0.02%,2.40,6.48%,859,2.30
2019-04-15,16:30:31 ,37.37,0.92%,"196,122",283.82K,2.65B,-9.30M,3.65B,2.15,-,31.01,-,153.87,0.72,0.90,1.10,1.42,6.25%,11.25%,9.99%,68.08,-0.20%,-0.70%,5.50%,14.40%,4.50%,-0.30%,70.82M,49.79M,6.03%,10.59,37.90,-7.84%,40.75%,37.03,-0.13,-38.40%,128.90%,2.40%,0.00%,73.70%,0.02%,2.40,6.42%,859,2.30
2019-04-16,16:30:11 ,37.22,-0.40%,"254,269",284.37K,2.64B,-9.30M,3.65B,2.14,-,30.89,-,153.25,0.72,0.90,1.10,1.42,5.37%,10.48%,9.46%,66.35,-0.20%,-0.70%,5.50%,14.40%,4.50%,-0.30%,70.82M,49.79M,6.03%,10.57,37.90,-8.21%,40.19%,37.37,-0.13,-38.40%,128.90%,2.40%,0.00%,73.70%,0.02%,2.40,6.45%,859,2.30
2019-04-17,16:30:22 ,36.62,-1.61%,"101,287",287.08K,2.59B,-9.30M,3.65B,2.10,-,30.39,-,150.78,0.71,0.90,1.10,1.42,3.30%,8.41%,7.61%,59.03,-0.20%,-0.70%,5.50%,14.40%,4.50%,-0.30%,70.82M,49.79M,6.03%,10.47,37.90,-9.69%,37.93%,37.22,-0.13,-38.40%,128.90%,2.40%,0.00%,73.70%,0.02%,2.40,6.55%,859,2.30
2019-04-18,16:30:27 ,36.31,-0.85%,"134,296",284.80K,2.57B,-9.30M,3.65B,2.08,-,30.13,-,149.50,0.70,0.90,1.10,1.42,2.16%,7.25%,6.62%,56.36,-0.20%,-0.70%,5.50%,14.40%,4.50%,-0.30%,70.82M,49.79M,6.03%,10.55,37.90,-10.46%,36.76%,36.62,-0.13,-38.40%,128.90%,2.40%,0.00%,73.70%,0.02%,2.40,6.61%,859,2.30
2019-04-22,16:31:00 ,37.45,3.14%,"102,400",280.48K,2.72B,-9.30M,3.65B,2.15,-,31.85,-,157.88,0.74,0.90,1.10,1.42,5.26%,10.31%,9.89%,64.27,-0.20%,-0.70%,5.50%,14.40%,4.50%,-0.30%,72.51M,49.80M,6.07%,10.77,39.00,-7.64%,41.05%,36.31,-0.13,-38.40%,128.90%,2.40%,0.00%,73.70%,-0.04%,2.40,6.41%,859,2.30
2019-04-23,16:30:04 ,37.10,-0.93%,"156,252",278.03K,2.69B,-9.30M,3.65B,2.13,-,31.55,-,156.40,0.74,0.90,1.10,1.42,3.89%,8.87%,8.77%,61.04,-0.20%,-0.70%,5.50%,14.40%,4.50%,-0.30%,72.51M,49.80M,6.07%,10.86,39.00,-8.51%,39.74%,37.45,-0.13,-38.40%,128.90%,2.40%,0.00%,73.70%,-0.04%,2.40,6.47%,859,2.30
2019-04-24,16:30:06 ,37.05,-0.13%,"180,413",276.29K,2.69B,-9.30M,3.65B,2.13,-,31.51,-,156.19,0.74,0.90,1.10,1.42,3.35%,8.32%,8.54%,60.86,-0.20%,-0.70%,5.50%,14.40%,4.50%,-0.30%,72.51M,49.80M,6.07%,10.93,39.00,-8.63%,39.55%,37.10,-0.13,-38.40%,128.90%,2.40%,0.00%,73.70%,-0.04%,2.40,6.48%,859,2.30
2019-04-25,16:31:42 ,36.65,-1.08%,"146,565",275.59K,2.66B,-9.30M,3.65B,2.10,-,31.16,-,154.51,0.73,0.90,1.10,1.42,1.79%,6.77%,7.30%,58.77,-0.20%,-0.70%,5.50%,14.40%,4.50%,-0.30%,72.51M,49.80M,6.07%,10.96,39.00,-9.62%,38.04%,37.05,-0.13,-38.40%,128.90%,2.40%,0.00%,73.70%,-0.04%,2.40,6.55%,859,2.30
2019-04-26,16:31:10 ,36.57,-0.22%,"117,420",274.13K,2.65B,-9.30M,3.65B,2.10,-,31.10,-,154.17,0.73,0.90,1.10,1.42,1.22%,6.23%,6.99%,57.66,-0.20%,-0.70%,5.50%,14.40%,4.50%,-0.30%,72.51M,49.80M,6.07%,11.02,39.00,-9.82%,37.74%,36.65,-0.13,-38.40%,128.90%,2.40%,0.00%,73.70%,-0.04%,2.40,6.56%,859,2.30
2019-04-29,16:30:39 ,36.70,0.36%,"125,645",271.64K,2.64B,-9.30M,3.65B,2.11,-,28.78,-,153.76,0.72,0.90,1.10,1.42,1.30%,6.37%,7.31%,59.16,-0.20%,-0.70%,5.50%,14.40%,4.50%,-0.30%,72.06M,49.85M,5.84%,10.72,39.10,-9.49%,38.23%,36.57,-0.13,-38.40%,128.90%,2.30%,0.00%,73.60%,-0.13%,2.40,6.54%,859,2.30
2019-04-30,16:30:25 ,36.69,-0.03%,"229,574",270.19K,2.64B,-9.30M,3.65B,2.11,-,28.78,-,153.71,0.72,0.90,1.10,1.42,1.06%,6.10%,7.20%,60.26,-0.20%,-0.70%,5.50%,14.40%,4.50%,-0.30%,72.06M,49.85M,5.84%,10.78,39.10,-9.52%,38.19%,36.70,-0.13,-38.40%,128.90%,2.30%,0.00%,73.60%,-0.13%,2.40,6.54%,859,2.30
2019-05-01,16:30:19 ,36.43,-0.71%,"203,752",272.00K,2.63B,-9.30M,3.65B,2.09,-,28.57,-,152.62,0.72,0.90,1.10,1.42,0.21%,5.12%,6.38%,57.89,-0.20%,-0.70%,5.50%,14.40%,4.50%,-0.30%,72.06M,49.85M,5.84%,10.70,39.10,-10.16%,37.21%,36.69,-0.13,-38.40%,128.90%,2.30%,0.00%,73.60%,-0.13%,2.40,6.59%,859,2.30
2019-05-02,18:56:58 ,35.31,-3.07%,"1,234,885",272.61K,2.54B,-9.30M,3.65B,2.03,-,27.69,-,147.93,0.70,0.90,1.10,1.42,-2.99%,1.76%,3.07%,46.34,-0.20%,-0.70%,5.50%,14.40%,4.50%,-0.30%,72.06M,49.85M,5.84%,10.68,39.10,-12.92%,32.99%,36.43,-0.13,-38.40%,128.90%,2.30%,0.00%,73.60%,-0.13%,2.40,6.80%,859,2.30
2019-05-03,18:33:56 ,35.27,-0.11%,"381,704",288.13K,2.54B,-9.30M,3.65B,2.02,-,27.66,-,147.76,0.70,0.90,1.10,1.42,-3.08%,1.57%,2.93%,46.56,-0.20%,-0.70%,5.50%,14.40%,4.50%,-0.30%,72.06M,49.85M,5.84%,10.11,39.10,-13.02%,32.84%,35.31,-0.13,-38.40%,128.90%,2.30%,0.00%,73.60%,-0.13%,2.40,6.80%,859,2.30
2019-05-06,16:30:17 ,35.27,0.00%,"168,029",289.75K,2.54B,-9.30M,3.65B,2.02,-,27.66,-,147.76,0.70,0.90,1.10,1.42,-3.07%,1.45%,2.90%,45.92,-0.20%,-0.70%,5.50%,14.40%,4.50%,-0.30%,72.06M,49.85M,5.84%,10.05,39.10,-13.02%,32.84%,35.27,-0.13,-38.40%,128.90%,2.30%,0.00%,73.60%,-0.13%,2.40,6.80%,859,2.30
2019-05-07,16:30:17 ,34.90,-1.05%,"316,000",293.39K,2.51B,-9.30M,3.65B,2.00,-,27.37,-,146.21,0.69,0.90,1.10,1.42,-4.00%,0.26%,1.81%,41.61,-0.20%,-0.70%,5.50%,14.40%,4.50%,-0.30%,72.06M,49.85M,5.84%,9.92,39.10,-13.93%,31.45%,35.27,-0.13,-38.40%,128.90%,2.30%,0.00%,73.60%,-0.13%,2.40,6.88%,859,2.30
2019-05-08,16:30:14 ,35.04,0.40%,"186,305",295.69K,2.52B,-9.30M,3.65B,2.01,-,27.48,-,146.80,0.69,0.90,1.10,1.42,-3.60%,0.54%,2.22%,41.15,-0.20%,-0.70%,5.50%,14.40%,4.50%,-0.30%,72.06M,49.85M,5.84%,9.85,39.10,-13.59%,31.98%,34.90,-0.13,-38.40%,128.90%,2.30%,0.00%,73.60%,-0.13%,2.40,6.85%,859,2.30
2019-05-09,16:30:27 ,34.95,-0.26%,"74,185",297.22K,2.52B,-9.30M,3.65B,2.01,-,27.41,-,146.42,0.69,0.90,1.10,1.42,-3.88%,0.08%,1.96%,40.64,-0.20%,-0.70%,5.50%,14.40%,4.50%,-0.30%,72.06M,49.85M,5.84%,9.80,39.10,-13.81%,31.64%,35.04,-0.13,-38.40%,128.90%,2.30%,0.00%,73.60%,-0.13%,2.40,6.87%,859,2.30
2019-05-10,16:30:30 ,36.58,4.66%,"393,849",293.62K,2.64B,-9.30M,3.65B,2.10,-,28.69,-,153.25,0.72,0.90,1.10,1.42,0.70%,4.57%,6.71%,57.53,-0.20%,-0.70%,5.50%,14.40%,4.50%,-0.30%,72.06M,49.85M,5.84%,9.92,39.10,-9.79%,37.78%,34.95,-0.13,-38.40%,128.90%,2.30%,0.00%,73.60%,-0.13%,2.40,6.56%,859,2.30
2019-05-13,16:36:22 ,36.60,0.05%,"204,999",295.21K,2.51B,-29.30M,3.37B,2.19,-,27.71,-,1395.68,0.74,0.80,0.90,1.47,0.76%,4.34%,6.75%,57.71,-0.70%,-2.40%,5.50%,15.30%,4.30%,-0.90%,68.64M,49.05M,5.94%,9.86,39.80,-9.74%,37.85%,36.58,-0.41,-25.10%,-132.50%,2.30%,0.00%,73.80%,0.04%,2.40,6.56%,859,2.30
2019-05-14,16:30:30 ,36.59,-0.03%,"153,122",301.70K,2.51B,-29.30M,3.37B,2.19,-,27.70,-,1395.30,0.74,0.80,0.90,1.47,0.79%,3.98%,6.70%,57.67,-0.70%,-2.40%,5.50%,15.30%,4.30%,-0.90%,68.64M,49.05M,5.94%,9.65,39.80,-9.77%,37.82%,36.60,-0.41,-25.10%,-132.50%,2.30%,0.00%,73.80%,0.04%,2.40,6.56%,859,2.30
2019-05-15,16:29:31 ,36.06,-1.45%,"341,698",300.50K,2.48B,-29.30M,3.37B,2.15,-,27.30,-,1375.09,0.73,0.80,0.90,1.47,-0.57%,2.14%,5.15%,51.73,-0.70%,-2.40%,5.50%,15.30%,4.30%,-0.90%,68.64M,49.05M,5.94%,9.69,39.80,-11.07%,35.82%,36.59,-0.41,-25.10%,-132.50%,2.30%,0.00%,73.80%,0.04%,2.40,6.66%,859,2.30
2019-05-16,16:29:37 ,36.30,0.67%,"216,591",303.62K,2.49B,-29.30M,3.37B,2.17,-,27.48,-,1384.24,0.74,0.80,0.90,1.47,0.26%,2.57%,5.84%,53.71,-0.70%,-2.40%,5.50%,15.30%,4.30%,-0.90%,68.64M,49.05M,5.94%,9.59,39.80,-10.48%,36.72%,36.06,-0.41,-25.10%,-132.50%,2.30%,0.00%,73.80%,0.04%,2.40,6.61%,859,2.30
2019-05-17,16:29:32 ,36.15,-0.41%,"243,383",302.21K,2.48B,-29.30M,3.37B,2.16,-,27.37,-,1378.52,0.74,0.80,0.90,1.47,-0.11%,1.86%,5.39%,52.02,-0.70%,-2.40%,5.50%,15.30%,4.30%,-0.90%,68.64M,49.05M,5.94%,9.63,39.80,-10.85%,36.16%,36.30,-0.41,-25.10%,-132.50%,2.30%,0.00%,73.80%,0.04%,2.40,6.64%,859,2.30
2019-05-20,16:30:30 ,36.18,0.08%,"186,032",301.28K,2.61B,-29.30M,3.37B,2.16,-,24.38,-,1450.01,0.77,0.80,0.90,1.47,-0.01%,1.71%,5.47%,51.04,-0.70%,-2.40%,5.50%,15.30%,4.30%,-0.90%,72.14M,49.05M,5.84%,9.51,39.80,-10.78%,36.27%,36.15,-0.41,-25.10%,-132.50%,2.30%,0.00%,74.90%,1.57%,2.40,6.63%,859,2.30
2019-05-21,19:43:45 ,37.00,2.27%,"177,361",297.88K,2.67B,-29.30M,3.37B,2.21,-,24.93,-,1482.88,0.79,0.80,0.90,1.47,2.44%,3.82%,7.86%,60.16,-0.70%,-2.40%,5.50%,15.30%,4.30%,-0.90%,72.14M,49.05M,5.84%,9.62,39.80,-8.75%,39.36%,36.18,-0.41,-25.10%,-132.50%,2.30%,0.00%,74.90%,1.57%,2.40,6.49%,859,2.30
2019-05-22,19:29:33 ,36.35,-1.76%,"89,261",295.53K,2.62B,-29.30M,3.37B,2.17,-,24.49,-,1456.83,0.78,0.80,0.90,1.47,0.65%,1.85%,5.96%,53.49,-0.70%,-2.40%,5.50%,15.30%,4.30%,-0.90%,72.14M,49.05M,5.84%,9.69,39.80,-10.36%,36.91%,37.00,-0.41,-25.10%,-132.50%,2.30%,0.00%,74.90%,1.57%,2.40,6.60%,859,2.30
2019-05-23,19:29:56 ,35.42,-2.56%,"304,889",293.63K,2.56B,-29.30M,3.37B,2.12,-,23.87,-,1419.55,0.76,0.80,0.90,1.47,-1.83%,-0.87%,3.25%,45.84,-0.70%,-2.40%,5.50%,15.30%,4.30%,-0.90%,72.14M,49.05M,5.84%,9.75,39.80,-12.65%,33.41%,36.35,-0.41,-25.10%,-132.50%,2.30%,0.00%,74.90%,1.57%,2.40,6.78%,859,2.30
2019-05-24,17:45:24 ,35.01,-1.16%,"167,919",293.82K,2.53B,-29.30M,3.37B,2.09,-,23.59,-,1403.12,0.75,0.80,0.90,1.47,-2.80%,-2.09%,2.08%,42.69,-0.70%,-2.40%,5.50%,15.30%,4.30%,-0.90%,72.14M,49.05M,5.84%,9.75,39.80,-13.66%,31.86%,35.42,-0.41,-25.10%,-132.50%,2.30%,0.00%,74.90%,1.57%,2.40,6.86%,859,2.30
2019-05-28,16:30:07 ,34.83,-0.51%,"468,112",291.85K,2.53B,-29.30M,3.37B,2.08,-,23.68,-,1406.36,0.75,0.80,0.90,1.47,-3.09%,-2.64%,1.59%,41.15,-0.70%,-2.40%,5.50%,15.30%,4.30%,-0.90%,72.68M,49.05M,5.84%,9.81,39.80,-14.11%,31.19%,35.01,-0.41,-25.10%,-132.50%,2.30%,0.00%,74.90%,1.59%,2.40,6.89%,859,2.30
2019-05-29,16:30:23 ,35.15,0.92%,"331,644",270.84K,2.55B,-29.30M,3.37B,2.10,-,23.90,-,1419.28,0.76,0.80,0.90,1.47,-1.94%,-1.78%,2.56%,43.89,-0.70%,-2.40%,5.50%,15.30%,4.30%,-0.90%,72.68M,49.05M,5.84%,10.58,39.80,-13.32%,32.39%,34.83,-0.41,-25.10%,-132.50%,2.30%,0.00%,74.90%,1.59%,2.40,6.83%,859,2.30
2019-05-30,16:30:17 ,35.46,0.88%,"205,483",271.82K,2.58B,-29.30M,3.37B,2.12,-,24.11,-,1431.80,0.76,0.80,0.90,1.47,-0.87%,-0.96%,3.51%,46.47,-0.70%,-2.40%,5.50%,15.30%,4.30%,-0.90%,72.68M,49.05M,5.84%,10.54,39.80,-12.55%,33.56%,35.15,-0.41,-25.10%,-132.50%,2.30%,0.00%,74.90%,1.59%,2.40,6.77%,859,2.30
2019-05-31,16:29:47 ,35.53,0.20%,"527,315",270.77K,2.58B,-29.30M,3.37B,2.12,-,24.15,-,1434.62,0.77,0.80,0.90,1.47,-0.53%,-0.81%,3.75%,47.65,-0.70%,-2.40%,5.50%,15.30%,4.30%,-0.90%,72.68M,49.05M,5.84%,10.58,39.80,-12.38%,33.82%,35.46,-0.41,-25.10%,-132.50%,2.30%,0.00%,74.90%,1.59%,2.40,6.75%,859,2.30
2019-06-03,19:16:53 ,36.11,1.63%,"269,319",274.78K,2.62B,-29.30M,3.37B,2.16,-,24.55,-,1458.04,0.78,0.80,0.90,1.47,1.06%,0.77%,5.47%,53.44,-0.70%,-2.40%,5.50%,15.30%,4.30%,-0.90%,72.68M,49.05M,5.84%,10.42,39.80,-10.95%,36.01%,35.53,-0.41,-25.10%,-132.50%,2.30%,0.00%,74.90%,1.59%,2.40,6.65%,859,2.30
2019-06-04,16:30:05 ,36.81,1.94%,"494,266",273.52K,2.68B,-29.30M,3.37B,2.20,-,25.02,-,1486.31,0.79,0.80,0.90,1.47,2.90%,2.69%,7.54%,59.23,-0.70%,-2.40%,5.50%,15.30%,4.30%,-0.90%,72.68M,49.05M,5.84%,10.47,39.80,-9.22%,38.64%,36.11,-0.41,-25.10%,-132.50%,2.30%,0.00%,74.90%,1.59%,2.40,6.52%,859,2.30
2019-06-05,16:30:13 ,35.91,-2.44%,"120,761",272.57K,2.61B,-29.30M,3.37B,2.15,-,24.41,-,1449.97,0.77,0.80,0.90,1.47,0.16%,0.07%,4.93%,50.31,-0.70%,-2.40%,5.50%,15.30%,4.30%,-0.90%,72.68M,49.05M,5.84%,10.51,39.80,-11.44%,35.25%,36.81,-0.41,-25.10%,-132.50%,2.30%,0.00%,74.90%,1.59%,2.40,6.68%,859,2.30
2019-06-06,16:30:11 ,35.66,-0.70%,"181,621",269.62K,2.59B,-29.30M,3.37B,2.13,-,24.24,-,1439.87,0.77,0.80,0.90,1.47,-0.67%,-0.71%,4.23%,49.24,-0.70%,-2.40%,5.50%,15.30%,4.30%,-0.90%,72.68M,49.05M,5.84%,10.62,39.80,-12.06%,34.31%,35.91,-0.41,-25.10%,-132.50%,2.30%,0.00%,74.90%,1.59%,2.40,6.73%,859,2.30
2019-06-07,16:30:19 ,35.29,-1.04%,"572,129",270.77K,2.56B,-29.30M,3.37B,2.11,-,23.99,-,1424.93,0.76,0.80,0.90,1.47,-1.79%,-1.84%,3.20%,46.64,-0.70%,-2.40%,5.50%,15.30%,4.30%,-0.90%,72.68M,49.05M,5.84%,10.58,39.80,-12.97%,32.92%,35.66,-0.41,-25.10%,-132.50%,2.30%,0.00%,74.90%,1.59%,2.40,6.80%,859,2.30
2019-06-10,16:29:40 ,35.38,0.26%,"136,780",275.26K,2.57B,-29.30M,3.37B,2.11,-,24.07,-,1426.80,0.76,0.80,0.90,1.47,-1.58%,-1.65%,3.52%,46.60,-0.70%,-2.40%,5.50%,15.30%,4.30%,-0.90%,72.59M,49.05M,5.97%,10.64,39.80,-12.75%,33.26%,35.29,-0.41,-25.10%,-132.50%,2.30%,0.00%,74.90%,1.59%,2.40,6.78%,859,2.30
2019-06-11,16:30:17 ,35.59,0.59%,"171,212",270.02K,2.58B,-29.30M,3.37B,2.13,-,24.21,-,1435.27,0.77,0.80,0.90,1.47,-0.83%,-1.11%,4.20%,47.58,-0.70%,-2.40%,5.50%,15.30%,4.30%,-0.90%,72.59M,49.05M,5.97%,10.84,39.80,-12.23%,34.05%,35.38,-0.41,-25.10%,-132.50%,2.30%,0.00%,74.90%,1.59%,2.40,6.74%,859,2.30
2019-06-12,16:30:26 ,34.94,-1.83%,"173,351",252.98K,2.54B,-29.30M,3.37B,2.09,-,23.77,-,1409.05,0.75,0.80,0.90,1.47,-2.51%,-2.94%,2.35%,41.39,-0.70%,-2.40%,5.50%,15.30%,4.30%,-0.90%,72.59M,49.05M,5.97%,11.57,39.80,-13.83%,31.60%,35.59,-0.41,-25.10%,-132.50%,2.30%,0.00%,74.90%,1.59%,2.40,6.87%,859,2.30
2019-06-13,16:29:30 ,35.37,1.23%,"156,067",250.77K,2.57B,-29.30M,3.37B,2.11,-,24.06,-,1426.39,0.76,0.80,0.90,1.47,-1.08%,-1.70%,3.68%,45.30,-0.70%,-2.40%,5.50%,15.30%,4.30%,-0.90%,72.59M,49.05M,5.97%,11.67,39.80,-12.77%,33.22%,34.94,-0.41,-25.10%,-132.50%,2.30%,0.00%,74.90%,1.59%,2.40,6.79%,859,2.30
2019-06-14,16:29:44 ,35.48,0.31%,"169,540",247.62K,2.58B,-29.30M,3.37B,2.12,-,24.14,-,1430.83,0.76,0.80,0.90,1.47,-0.68%,-1.39%,4.07%,46.44,-0.70%,-2.40%,5.50%,15.30%,4.30%,-0.90%,72.59M,49.05M,5.97%,11.82,39.80,-12.50%,33.63%,35.37,-0.41,-25.10%,-132.50%,2.30%,0.00%,74.90%,1.59%,2.40,6.76%,859,2.30
2019-06-17,20:05:34 ,34.86,-1.75%,"238,814",245.93K,2.50B,-29.30M,3.37B,2.08,-,23.71,-,1386.85,0.74,0.80,0.90,1.47,-2.30%,-3.11%,2.33%,41.78,-0.70%,-2.40%,5.50%,15.30%,4.30%,-0.90%,71.61M,49.05M,5.39%,10.75,39.70,-14.03%,31.30%,35.48,-0.41,-25.10%,-132.50%,2.30%,0.00%,74.90%,1.61%,2.40,6.88%,859,2.30
2019-06-18,16:29:38 ,34.34,-1.49%,"301,698",241.90K,2.46B,-29.30M,3.37B,2.05,-,23.36,-,1366.16,0.73,0.80,0.90,1.47,-3.58%,-4.53%,0.87%,38.20,-0.70%,-2.40%,5.50%,15.30%,4.30%,-0.90%,71.61M,49.05M,5.39%,10.93,39.70,-15.31%,29.34%,34.86,-0.41,-25.10%,-132.50%,2.30%,0.00%,74.90%,1.61%,2.40,6.99%,859,2.30
2019-06-19,19:27:05 ,34.43,0.26%,"318,313",243.39K,2.47B,-29.30M,3.37B,2.06,-,23.42,-,1369.74,0.73,0.80,0.90,1.47,-3.08%,-4.20%,1.20%,37.42,-0.70%,-2.40%,5.50%,15.30%,4.30%,-0.90%,71.61M,49.05M,5.39%,10.86,39.70,-15.09%,29.68%,34.34,-0.41,-25.10%,-132.50%,2.30%,0.00%,74.90%,1.61%,2.40,6.97%,859,2.30
2019-06-20,18:30:31 ,34.48,0.15%,"133,135",242.64K,2.47B,-29.30M,3.37B,2.06,-,23.46,-,1371.73,0.73,0.80,0.90,1.47,-2.59%,-4.03%,1.41%,38.44,-0.70%,-2.40%,5.50%,15.30%,4.30%,-0.90%,71.61M,49.05M,5.39%,10.89,39.70,-14.97%,29.87%,34.43,-0.41,-25.10%,-132.50%,2.30%,0.00%,74.90%,1.61%,2.40,6.96%,859,2.30
2019-06-21,16:58:36 ,34.64,0.46%,"694,477",239.10K,2.48B,-29.30M,3.37B,2.07,-,23.56,-,1378.09,0.74,0.80,0.90,1.47,-1.88%,-3.56%,1.93%,40.60,-0.70%,-2.40%,5.50%,15.30%,4.30%,-0.90%,71.61M,49.05M,5.39%,11.05,39.70,-14.57%,30.47%,34.48,-0.41,-25.10%,-132.50%,2.30%,0.00%,74.90%,1.61%,2.40,6.93%,859,2.30
