date,time,price,change,volume,avg_volume,market_cap,income,sales,p_b,p_e,f_p_e,peg,p_c,p_s,quick_ratio,current_ratio,debt_eq,sma20,sma50,sma200,rsi,roa,roe,roi,gross_margin,oper_margin,profit_margin,shs_outstand,shs_float,short_float,short_ratio,target_price,high_y,low_y,prev_close,eps,sales_q_to_q,eps_q_to_q,insider_own,insider_trans,inst_own,inst_trans,dividend,dividend_percent,employees,recom
2018-10-17,01:26:23 ,12.47,0.73%,"157,062",76.69K,531.03M,-,42.19M,0.81,14.53,-,-,-,12.59,-,-,-,-2.06%,-3.62%,-4.65%,28.21,-,-,-,-,-,-,42.58M,-,-,0.35,-,-10.35%,1.05%,12.38,0.86,-,-,-,-,14.92%,-,0.65,5.21%,-,5.00
2018-10-17,20:18:58 ,12.50,0.24%,"116,919",76.69K,532.31M,-,42.19M,0.81,14.57,-,-,-,12.62,-,-,-,-1.64%,-3.30%,-4.38%,31.73,-,-,-,-,-,-,42.58M,-,-,0.35,-,-10.07%,1.30%,12.47,0.86,-,-,-,-,14.92%,-,0.65,5.20%,-,5.00
2018-10-18,20:57:24 ,12.50,0.00%,"157,665",77.00K,532.31M,-,42.19M,0.81,14.57,-,-,-,12.62,-,-,-,-1.49%,-3.22%,-4.33%,31.86,-,-,-,-,-,-,42.58M,-,-,0.34,-,-9.88%,1.30%,12.50,0.86,-,-,-,-,14.92%,-,0.65,5.20%,-,5.00
2018-10-19,21:05:52 ,12.55,0.40%,"68,941",78.38K,534.44M,-,42.19M,0.82,14.63,-,-,-,12.67,-,-,-,-0.95%,-2.76%,-3.90%,37.28,-,-,-,-,-,-,42.58M,-,-,0.34,-,-9.52%,1.70%,12.50,0.86,-,-,-,-,14.92%,-,0.65,5.18%,-,5.00
2018-10-22,18:19:09 ,12.53,-0.16%,"111,183",78.77K,525.42M,-,42.19M,0.82,14.60,-,-,-,12.45,-,-,-,-1.02%,-2.84%,-4.01%,35.86,-,-,-,-,-,-,41.93M,-,-,0.34,-,-9.60%,1.54%,12.55,0.86,-,-,-,-,14.92%,-,0.65,5.19%,-,5.00
2018-10-23,18:19:46 ,12.54,0.08%,"97,032",79.92K,525.84M,-,42.19M,0.82,14.62,-,-,-,12.46,-,-,-,-0.83%,-2.68%,-3.89%,37.12,-,-,-,-,-,-,41.93M,-,-,0.33,-,-9.52%,1.62%,12.53,0.86,-,-,-,-,14.92%,-,0.65,5.18%,-,5.00
2018-10-24,18:19:43 ,12.59,0.40%,"95,242",80.06K,527.94M,-,42.19M,0.82,14.67,-,-,-,12.51,-,-,-,-0.32%,-2.21%,-3.46%,41.94,-,-,-,-,-,-,41.93M,-,-,0.33,-,-9.16%,2.03%,12.54,0.86,-,-,-,-,14.92%,-,0.65,5.16%,-,5.00
2018-10-25,18:19:33 ,12.61,0.16%,"119,328",80.85K,528.78M,-,42.19M,0.82,14.70,-,-,-,12.53,-,-,-,-0.08%,-1.98%,-3.27%,44.51,-,-,-,-,-,-,41.93M,-,-,0.33,-,-8.95%,2.19%,12.59,0.86,-,-,-,-,14.92%,-,0.65,5.15%,-,5.00
2018-10-26,18:18:01 ,12.56,-0.40%,"63,461",81.91K,526.68M,-,42.19M,0.82,14.64,-,-,-,12.48,-,-,-,-0.37%,-2.29%,-3.62%,39.57,-,-,-,-,-,-,41.93M,-,-,0.32,-,-9.31%,1.78%,12.61,0.86,-,-,-,-,14.92%,-,0.65,5.18%,-,5.00
2018-10-29,18:18:08 ,12.58,0.16%,"91,600",82.12K,527.52M,-,42.19M,0.82,14.66,-,-,-,12.50,-,-,-,-0.10%,-2.06%,-3.43%,41.23,-,-,-,-,-,-,41.93M,-,-,0.13,-,-9.17%,1.94%,12.56,0.86,-,-,-,-,14.92%,-,0.65,5.17%,-,5.00
2018-10-30,18:18:57 ,12.54,-0.32%,"100,475",82.44K,525.84M,-,42.19M,0.82,14.62,-,-,-,12.46,-,-,-,-0.30%,-2.29%,-3.70%,38.24,-,-,-,-,-,-,41.93M,-,-,0.13,-,-9.46%,1.62%,12.58,0.86,-,-,-,-,14.92%,-,0.65,5.18%,-,5.00
2018-10-31,18:18:41 ,12.56,0.16%,"81,539",82.59K,526.68M,-,42.19M,0.82,14.64,-,-,-,12.48,-,-,-,-0.01%,-2.06%,-3.51%,40.92,-,-,-,-,-,-,41.93M,-,-,0.13,-,-9.31%,1.78%,12.54,0.86,-,-,-,-,14.92%,-,0.65,5.18%,-,5.00
2018-11-01,18:19:21 ,12.56,0.00%,"63,582",82.79K,526.68M,-,42.19M,0.82,14.64,-,-,-,12.48,-,-,-,0.08%,-1.98%,-3.47%,40.82,-,-,-,-,-,-,41.93M,-,-,0.13,-,-9.31%,1.78%,12.56,0.86,-,-,-,-,14.92%,-,0.65,5.18%,-,5.00
2018-11-02,23:42:13 ,12.48,-0.64%,"85,766",82.16K,523.33M,-,42.19M,0.81,14.55,-,-,-,12.40,-,-,-,-0.49%,-2.53%,-4.05%,34.74,-,-,-,-,-,-,41.93M,-,-,0.13,-,-9.89%,1.13%,12.56,0.86,-,-,-,-,14.92%,-,0.65,5.21%,-,5.00
2018-11-05,17:19:10 ,12.50,0.16%,"47,310",82.39K,524.17M,-,42.19M,0.81,14.57,-,-,-,12.42,-,-,-,-0.26%,-2.28%,-3.85%,37.18,-,-,-,-,-,-,41.93M,-,-,0.13,-,-9.75%,1.30%,12.48,0.86,-,-,-,-,14.92%,-,0.65,5.20%,-,5.00
2018-11-06,17:17:14 ,12.50,0.00%,"60,667",82.09K,524.17M,-,42.19M,0.81,14.57,-,-,-,12.42,-,-,-,-0.23%,-2.19%,-3.82%,36.57,-,-,-,-,-,-,41.93M,-,-,0.13,-,-9.75%,1.30%,12.50,0.86,-,-,-,-,14.92%,-,0.65,5.20%,-,5.00
2018-11-07,17:22:40 ,12.55,0.40%,"78,540",81.61K,526.26M,-,42.19M,0.82,14.63,-,-,-,12.47,-,-,-,0.22%,-1.70%,-3.39%,43.08,-,-,-,-,-,-,41.93M,-,-,0.13,-,-9.39%,1.70%,12.50,0.86,-,-,-,-,14.92%,-,0.65,5.18%,-,5.00
2018-11-08,17:17:00 ,12.59,0.32%,"137,902",81.40K,527.94M,-,42.19M,0.82,14.67,-,-,-,12.51,-,-,-,0.54%,-1.30%,-3.05%,47.05,-,-,-,-,-,-,41.93M,-,-,0.13,-,-9.10%,2.03%,12.55,0.86,-,-,-,-,14.92%,-,0.65,5.16%,-,5.00
2018-11-09,18:04:41 ,12.63,0.32%,"111,099",82.26K,529.62M,-,42.19M,0.82,14.72,-,-,-,12.55,-,-,-,0.83%,-0.90%,-2.71%,52.28,-,-,-,-,-,-,41.93M,-,-,0.13,-,-8.81%,2.35%,12.59,0.86,-,-,-,-,14.92%,-,0.65,5.15%,-,5.00
2018-11-12,19:58:42 ,12.67,0.32%,"64,437",82.39K,531.29M,-,42.19M,0.82,14.77,-,-,-,12.59,-,-,-,1.07%,-0.50%,-2.37%,56.16,-,-,-,-,-,-,41.93M,-,-,0.16,-,-8.52%,2.67%,12.63,0.86,-,-,-,-,14.92%,-,0.65,5.13%,-,5.00
2018-11-13,17:18:03 ,12.69,0.16%,"92,085",82.63K,532.13M,-,42.19M,0.83,14.79,-,-,-,12.61,-,-,-,1.11%,-0.27%,-2.19%,57.80,-,-,-,-,-,-,41.93M,-,-,0.16,-,-8.38%,2.84%,12.67,0.86,-,-,-,-,14.92%,-,0.65,5.12%,-,5.00
2018-11-14,17:17:44 ,12.66,-0.24%,"131,958",83.04K,530.87M,-,42.19M,0.82,14.76,-,-,-,12.58,-,-,-,0.78%,-0.44%,-2.40%,54.57,-,-,-,-,-,-,41.93M,-,-,0.16,-,-8.59%,2.59%,12.69,0.86,-,-,-,-,14.92%,-,0.65,5.13%,-,5.00
2018-11-15,17:17:30 ,12.66,0.00%,"68,224",84.26K,530.88M,-,42.19M,0.82,14.76,-,-,-,12.58,-,-,-,0.72%,-0.37%,-2.38%,54.65,-,-,-,-,-,-,41.93M,-,-,0.15,-,-8.59%,2.59%,12.66,0.86,-,-,-,-,14.92%,-,0.65,5.13%,-,5.00
2018-11-16,17:17:37 ,12.65,-0.08%,"73,426",84.35K,530.46M,-,42.19M,0.82,14.74,-,-,-,12.57,-,-,-,0.58%,-0.39%,-2.43%,53.69,-,-,-,-,-,-,41.93M,-,-,0.15,-,-8.66%,2.51%,12.66,0.86,-,-,-,-,14.92%,-,0.65,5.14%,-,5.00
2018-11-19,17:17:28 ,12.64,-0.08%,"86,506",85.10K,530.04M,-,41.91M,0.82,14.73,-,-,-,12.65,-,-,-,0.46%,-0.40%,-2.49%,53.00,-,-,-,-,-,-,41.93M,-,-,0.15,-,-8.74%,2.43%,12.65,0.86,-1.30%,-61.70%,-,-,14.55%,-,0.65,5.14%,-,5.00
2018-11-20,17:17:34 ,12.64,0.00%,"112,522",85.43K,530.04M,-,41.91M,0.82,14.73,-,-,-,12.65,-,-,-,0.41%,-0.33%,-2.47%,52.44,-,-,-,-,-,-,41.93M,-,-,0.15,-,-8.74%,2.43%,12.64,0.86,-1.30%,-61.70%,-,-,14.55%,-,0.65,5.14%,-,5.00
2018-11-21,17:17:44 ,12.64,0.00%,"35,297",86.63K,530.04M,-,41.91M,0.82,14.73,-,-,-,12.65,-,-,-,0.37%,-0.26%,-2.45%,51.90,-,-,-,-,-,-,41.93M,-,-,0.15,-,-8.74%,2.43%,12.64,0.86,-1.30%,-61.70%,-,-,14.55%,-,0.65,5.14%,-,5.00
2018-11-23,17:19:46 ,12.61,0.38%,"32,042",87.14K,528.78M,-,41.91M,0.82,14.70,-,-,-,12.62,-,-,-,0.74%,0.19%,-2.06%,57.17,-,-,-,-,-,-,41.93M,-,-,0.15,-,-8.39%,2.82%,12.56,0.86,-1.30%,-61.70%,-,-,14.55%,-,0.65,5.15%,-,5.00
2018-11-26,17:17:55 ,12.60,-0.08%,"120,959",86.39K,528.36M,-,41.91M,0.81,57.53,-,-,-,12.61,-,-,-,0.62%,0.16%,-2.12%,54.22,-,-,-,-,-,-,41.93M,-,-,0.15,-,-8.46%,2.74%,12.61,0.22,-1.30%,-61.70%,-,-,14.37%,-,0.65,5.16%,-,5.00
2018-11-27,17:17:06 ,12.56,-0.32%,"150,934",87.60K,526.68M,-,41.91M,0.81,57.35,-,-,-,12.57,-,-,-,0.26%,-0.11%,-2.41%,48.40,-,-,-,-,-,-,41.93M,-,-,0.15,-,-8.75%,2.41%,12.60,0.22,-1.30%,-61.70%,-,-,14.37%,-,0.65,5.18%,-,5.00
2018-11-28,17:16:23 ,12.62,0.48%,"109,010",89.11K,529.20M,-,41.91M,0.82,57.63,-,-,-,12.63,-,-,-,0.71%,0.42%,-1.92%,55.07,-,-,-,-,-,-,41.93M,-,-,0.15,-,-8.32%,2.90%,12.56,0.22,-1.30%,-61.70%,-,-,14.37%,-,0.65,5.15%,-,5.00
2018-11-29,17:17:17 ,12.70,0.63%,"115,066",89.91K,532.55M,-,41.91M,0.82,57.99,-,-,-,12.71,-,-,-,1.29%,1.10%,-1.28%,62.37,-,-,-,-,-,-,41.93M,-,-,0.14,-,-7.74%,3.55%,12.62,0.22,-1.30%,-61.70%,-,-,14.37%,-,0.65,5.12%,-,5.00
2018-11-30,17:17:17 ,12.74,0.31%,"61,190",90.86K,534.23M,-,41.91M,0.82,58.17,-,-,-,12.75,-,-,-,1.52%,1.43%,-0.95%,66.03,-,-,-,-,-,-,41.93M,-,-,0.14,-,-7.44%,3.88%,12.70,0.22,-1.30%,-61.70%,-,-,14.37%,-,0.65,5.10%,-,5.00
2018-12-03,17:19:16 ,12.82,0.63%,"101,578",90.00K,537.58M,-,41.91M,0.83,58.54,-,-,-,12.83,-,-,-,2.05%,2.08%,-0.31%,71.96,-,-,-,-,-,-,41.93M,-,-,0.04,-,-6.86%,4.53%,12.74,0.22,-1.30%,-61.70%,-,-,14.37%,-,0.65,5.07%,-,5.00
2018-12-04,17:18:02 ,12.88,0.47%,"107,523",90.35K,540.10M,-,41.91M,0.83,58.81,-,-,-,12.89,-,-,-,2.36%,2.54%,0.16%,76.10,-,-,-,-,-,-,41.93M,-,-,0.04,-,-6.43%,5.02%,12.82,0.22,-1.30%,-61.70%,-,-,14.37%,-,0.65,5.05%,-,5.00
2018-12-06,17:17:19 ,12.94,0.47%,"125,318",91.18K,542.62M,-,41.91M,0.84,59.09,-,-,-,12.95,-,-,-,2.65%,2.99%,0.63%,79.62,-,-,-,-,-,-,41.93M,-,-,0.04,-,-5.99%,5.51%,12.88,0.22,-1.30%,-61.70%,-,-,14.37%,-,0.65,5.02%,-,5.00
2018-12-07,17:17:09 ,12.95,0.08%,"144,989",91.66K,543.04M,-,41.91M,0.84,59.13,-,-,-,12.96,-,-,-,2.52%,3.04%,0.71%,79.46,-,-,-,-,-,-,41.93M,-,-,0.04,-,-5.92%,5.59%,12.94,0.22,-1.30%,-61.70%,-,-,14.37%,-,0.65,5.02%,-,5.00
2018-12-10,17:17:27 ,12.98,0.23%,"84,869",92.23K,544.29M,-,41.91M,0.84,59.27,-,-,-,12.99,-,-,-,2.56%,3.24%,0.95%,81.95,-,-,-,-,-,-,41.93M,-,-,0.04,-,-5.63%,5.84%,12.95,0.22,-1.30%,-61.70%,-,-,14.37%,-,0.65,5.01%,-,5.00
2018-12-11,17:17:20 ,13.04,0.46%,"94,518",92.46K,546.81M,-,41.91M,0.84,59.54,-,-,-,13.05,-,-,-,2.85%,3.69%,1.42%,84.04,-,-,-,-,-,-,41.93M,-,-,0.04,-,-5.06%,6.33%,12.98,0.22,-1.30%,-61.70%,-,-,14.37%,-,0.65,4.98%,-,5.00
2018-12-12,17:18:36 ,13.02,-0.15%,"45,049",93.49K,545.97M,-,41.91M,0.84,59.45,-,-,-,13.03,-,-,-,2.49%,3.49%,1.26%,82.24,-,-,-,-,-,-,41.93M,-,-,0.04,-,-5.07%,6.16%,13.04,0.22,-1.30%,-61.70%,-,-,14.37%,-,0.65,4.99%,-,5.00
2018-12-13,17:19:10 ,12.84,-1.38%,"92,106",93.62K,538.42M,-,41.91M,0.83,58.63,-,-,-,12.85,-,-,-,0.91%,2.02%,-0.14%,60.62,-,-,-,-,-,-,41.93M,-,-,0.04,-,-6.38%,4.70%,13.02,0.22,-1.30%,-61.70%,-,-,14.37%,-,0.65,5.06%,-,5.00
2018-12-14,17:17:29 ,12.75,-0.70%,"55,859",94.30K,534.65M,-,41.91M,0.82,58.22,-,-,-,12.76,-,-,-,0.11%,1.29%,-0.83%,52.07,-,-,-,-,-,-,41.93M,-,-,0.04,-,-7.04%,3.96%,12.84,0.22,-1.30%,-61.70%,-,-,14.37%,-,0.65,5.10%,-,5.00
2018-12-17,17:16:35 ,12.59,-1.25%,"276,367",94.35K,527.94M,-,41.91M,0.81,57.49,-,-,-,12.60,-,-,-,-1.21%,0.02%,-2.06%,41.47,-,-,-,-,-,-,41.93M,-,-,0.16,-,-8.20%,2.66%,12.75,0.22,-1.30%,-61.70%,-,-,14.35%,-,0.65,5.16%,-,5.00
2018-12-18,17:16:30 ,12.58,-0.08%,"208,199",97.43K,527.52M,-,41.91M,0.81,57.44,-,-,-,12.59,-,-,-,-1.29%,-0.05%,-2.13%,40.97,-,-,-,-,-,-,41.93M,-,-,0.16,-,-8.28%,2.58%,12.59,0.22,-1.30%,-61.70%,-,-,14.35%,-,0.65,5.17%,-,5.00
2018-12-19,17:16:36 ,12.75,1.35%,"266,960",99.83K,534.65M,-,41.91M,0.82,58.22,-,-,-,12.76,-,-,-,0.04%,1.30%,-0.79%,52.08,-,-,-,-,-,-,41.93M,-,-,0.16,-,-7.04%,3.96%,12.58,0.22,-1.30%,-61.70%,-,-,14.35%,-,0.65,5.10%,-,5.00
2018-12-20,17:16:33 ,12.59,-1.25%,"205,665",102.76K,527.94M,-,41.91M,0.81,57.49,-,-,-,12.60,-,-,-,-1.29%,-0.01%,-2.02%,43.66,-,-,-,-,-,-,41.93M,-,-,0.15,-,-8.20%,2.66%,12.75,0.22,-1.30%,-61.70%,-,-,14.35%,-,0.65,5.16%,-,5.00
2018-12-21,17:16:43 ,12.57,-0.16%,"143,982",103.25K,527.10M,-,41.91M,0.81,57.40,-,-,-,12.58,-,-,-,-1.46%,-0.18%,-2.16%,42.72,-,-,-,-,-,-,41.93M,-,-,0.15,-,-8.35%,2.49%,12.59,0.22,-1.30%,-61.70%,-,-,14.35%,-,0.65,5.17%,-,5.00
2018-12-24,17:17:08 ,12.61,0.32%,"98,930",104.17K,528.78M,-,41.91M,0.82,57.58,-,-,-,12.62,-,-,-,-1.15%,0.12%,-1.83%,44.95,-,-,-,-,-,-,41.93M,-,-,0.15,-,-8.06%,2.82%,12.57,0.22,-1.30%,-61.70%,-,-,14.35%,-,0.65,5.15%,-,5.00
2018-12-25,17:17:41 ,12.61,0.32%,"98,930",104.17K,528.78M,-,41.91M,0.82,57.58,-,-,-,12.62,-,-,-,-1.15%,0.12%,-1.83%,44.95,-,-,-,-,-,-,41.93M,-,-,0.15,-,-8.06%,2.82%,12.57,0.22,-1.30%,-61.70%,-,-,14.35%,-,0.65,5.15%,-,5.00
2018-12-26,17:17:01 ,12.62,0.08%,"124,629",104.41K,529.20M,-,41.91M,0.82,57.63,-,-,-,12.63,-,-,-,-1.07%,0.17%,-1.74%,45.51,-,-,-,-,-,-,41.93M,-,-,0.15,-,-7.98%,2.90%,12.61,0.22,-1.30%,-61.70%,-,-,14.35%,-,0.65,5.15%,-,5.00
2018-12-27,17:17:05 ,12.64,0.16%,"157,829",105.51K,530.04M,-,41.91M,0.82,57.72,-,-,-,12.65,-,-,-,-0.92%,0.29%,-1.57%,47.30,-,-,-,-,-,-,41.93M,-,-,0.15,-,-7.84%,3.07%,12.62,0.22,-1.30%,-61.70%,-,-,14.35%,-,0.65,5.14%,-,5.00
2018-12-28,17:17:43 ,12.70,0.47%,"164,261",106.87K,532.55M,-,41.91M,0.82,57.99,-,-,-,12.71,-,-,-,-0.48%,0.71%,-1.09%,51.12,-,-,-,-,-,-,41.93M,-,-,0.15,-,-7.40%,3.55%,12.64,0.22,-1.30%,-61.70%,-,-,14.35%,-,0.65,5.12%,-,5.00
2018-12-31,17:16:16 ,12.74,0.31%,"189,996",108.14K,534.23M,-,41.91M,0.82,58.17,-,-,-,12.75,-,-,-,-0.20%,0.98%,-0.77%,53.99,-,-,-,-,-,-,41.93M,-,-,0.14,-,-7.11%,3.88%,12.70,0.22,-1.30%,-61.70%,-,-,14.35%,-,0.65,5.10%,-,5.00
2019-01-02,17:16:17 ,12.90,1.26%,"96,142",109.44K,540.94M,-,41.91M,0.83,58.90,-,-,-,12.91,-,-,-,1.04%,2.20%,0.49%,62.15,-,-,-,-,-,-,41.93M,-,-,0.14,-,-5.94%,5.19%,12.74,0.22,-1.30%,-61.70%,-,-,14.35%,-,0.65,5.04%,-,5.00
2019-01-03,17:20:16 ,12.99,0.70%,"58,978",110.85K,544.71M,-,41.91M,0.84,59.32,-,-,-,13.00,-,-,-,1.68%,2.83%,1.19%,65.85,-,-,-,-,-,-,41.93M,-,-,0.14,-,-5.29%,5.92%,12.90,0.22,-1.30%,-61.70%,-,-,14.35%,-,0.65,5.00%,-,5.00
2019-01-04,17:18:36 ,13.00,0.08%,"146,429",110.43K,545.13M,-,41.91M,0.84,59.36,-,-,-,13.01,-,-,-,1.69%,2.83%,1.27%,67.06,-,-,-,-,-,-,41.93M,-,-,0.14,-,-5.01%,6.00%,12.99,0.22,-1.30%,-61.70%,-,-,14.35%,-,0.65,5.00%,-,5.00
2019-01-07,17:18:19 ,13.08,0.62%,"229,863",111.35K,548.49M,-,41.91M,0.85,59.73,-,-,-,13.09,-,-,-,2.27%,3.37%,1.89%,70.02,-,-,-,-,-,-,41.93M,-,-,0.13,-,-4.28%,6.65%,13.00,0.22,-1.30%,-61.70%,-,-,14.35%,-,0.65,4.97%,-,5.00
2019-01-08,17:17:25 ,13.15,0.54%,"137,200",113.68K,551.42M,-,41.91M,0.85,60.05,-,-,-,13.16,-,-,-,2.76%,3.82%,2.43%,72.42,-,-,-,-,-,-,41.93M,-,-,0.13,-,-3.63%,7.22%,13.08,0.22,-1.30%,-61.70%,-,-,14.35%,-,0.65,4.94%,-,5.00
2019-01-09,17:17:34 ,13.19,0.30%,"80,430",114.52K,553.10M,-,41.91M,0.85,60.23,-,-,-,13.20,-,-,-,2.99%,4.04%,2.73%,73.48,-,-,-,-,-,-,41.93M,-,-,0.13,-,-3.13%,7.55%,13.15,0.22,-1.30%,-61.70%,-,-,14.35%,-,0.65,4.93%,-,5.00
2019-01-10,17:18:32 ,13.25,0.45%,"141,234",114.36K,555.62M,-,41.91M,0.86,60.50,-,-,-,13.26,-,-,-,3.37%,4.40%,3.19%,75.16,-,-,-,-,-,-,41.93M,-,-,0.13,-,-2.19%,8.04%,13.19,0.22,-1.30%,-61.70%,-,-,14.35%,-,0.65,4.91%,-,5.00
2019-01-11,17:16:31 ,13.21,-0.30%,"79,236",115.47K,553.94M,-,41.91M,0.85,60.32,-,-,-,13.22,-,-,-,2.98%,3.96%,2.86%,71.39,-,-,-,-,-,-,41.93M,-,-,0.12,-,-2.34%,7.71%,13.25,0.22,-1.30%,-61.70%,-,-,14.35%,-,0.65,4.92%,-,5.00
2019-01-14,21:06:27 ,13.21,0.00%,"59,678",114.04K,553.94M,-,41.91M,0.85,60.32,-,-,-,13.22,-,-,-,2.90%,3.84%,2.85%,71.20,-,-,-,-,-,-,41.93M,-,-,0.03,-,-2.34%,7.71%,13.21,0.22,-1.30%,-61.70%,-,-,14.35%,-,0.65,4.92%,-,5.00
2019-01-15,18:10:45 ,13.21,0.00%,"46,252",113.35K,553.94M,-,41.91M,0.85,60.32,-,-,-,13.22,-,-,-,2.75%,3.72%,2.84%,71.13,-,-,-,-,-,-,41.93M,-,-,0.04,-,-2.34%,7.71%,13.21,0.22,-1.30%,-61.70%,-,-,14.35%,-,0.65,4.92%,-,5.00
2019-01-16,17:17:24 ,13.19,-0.15%,"41,160",110.94K,553.10M,-,41.91M,0.85,60.23,-,-,-,13.20,-,-,-,2.41%,3.45%,2.68%,69.53,-,-,-,-,-,-,41.93M,-,-,0.04,-,-2.49%,7.55%,13.21,0.22,-1.30%,-61.70%,-,-,14.35%,-,0.65,4.93%,-,5.00
2019-01-17,17:17:17 ,13.11,-0.61%,"97,314",109.06K,549.75M,-,41.91M,0.85,59.86,-,-,-,13.12,-,-,-,1.56%,2.71%,2.05%,61.95,-,-,-,-,-,-,41.93M,-,-,0.04,-,-3.08%,6.90%,13.19,0.22,-1.30%,-61.70%,-,-,14.35%,-,0.65,4.96%,-,5.00
2019-01-18,17:17:21 ,13.07,-0.31%,"119,854",108.73K,548.07M,-,41.91M,0.85,59.68,-,-,-,13.08,-,-,-,1.04%,2.28%,1.73%,58.77,-,-,-,-,-,-,41.93M,-,-,0.04,-,-3.09%,6.57%,13.11,0.22,-1.30%,-61.70%,-,-,14.35%,-,0.65,4.97%,-,5.00
2019-01-22,19:17:35 ,13.07,0.00%,"56,444",108.11K,548.07M,-,41.91M,0.85,59.68,-,-,-,13.08,-,-,-,0.91%,2.18%,1.73%,59.11,-,-,-,-,-,-,41.93M,-,-,0.04,-,-3.02%,6.57%,13.07,0.22,-1.30%,-61.70%,-,-,14.32%,-,0.65,4.97%,-,5.00
2019-01-23,17:17:26 ,13.09,0.15%,"78,998",107.83K,548.91M,-,41.91M,0.85,59.77,-,-,-,13.10,-,-,-,0.88%,2.23%,1.88%,60.66,-,-,-,-,-,-,41.93M,-,-,0.04,-,-2.87%,6.73%,13.07,0.22,-1.30%,-61.70%,-,-,14.32%,-,0.65,4.97%,-,5.00
2019-01-24,17:16:55 ,13.19,0.76%,"71,519",107.53K,553.10M,-,41.91M,0.85,60.23,-,-,-,13.20,-,-,-,1.45%,2.91%,2.66%,66.46,-,-,-,-,-,-,41.93M,-,-,0.04,-,-2.05%,7.55%,13.09,0.22,-1.30%,-61.70%,-,-,14.32%,-,0.65,4.93%,-,5.00
2019-01-25,17:17:05 ,13.19,0.00%,"62,602",107.13K,553.10M,-,41.91M,0.85,60.23,-,-,-,13.20,-,-,-,1.22%,2.80%,2.65%,66.15,-,-,-,-,-,-,41.93M,-,-,0.04,-,-1.76%,7.55%,13.19,0.22,-1.30%,-61.70%,-,-,14.32%,-,0.65,4.93%,-,5.00
2019-01-28,17:17:27 ,13.18,-0.08%,"44,803",106.19K,552.68M,-,41.91M,0.85,60.18,-,-,-,13.19,-,-,-,0.93%,2.62%,2.57%,65.14,-,-,-,-,-,-,41.93M,-,-,0.26,-,-1.55%,7.47%,13.19,0.22,-1.30%,-61.70%,-,-,15.13%,-,0.65,4.93%,-,5.00
2019-01-29,17:22:33 ,13.20,0.15%,"36,290",105.87K,553.52M,-,41.91M,0.85,60.27,-,-,-,13.21,-,-,-,0.87%,2.68%,2.72%,66.63,-,-,-,-,-,-,41.93M,-,-,0.26,-,-0.66%,7.63%,13.18,0.22,-1.30%,-61.70%,-,-,15.13%,-,0.65,4.92%,-,5.00
2019-01-30,17:17:53 ,13.15,-0.38%,"95,861",104.96K,551.42M,-,41.91M,0.85,60.05,-,-,-,13.16,-,-,-,0.30%,2.20%,2.32%,60.52,-,-,-,-,-,-,41.93M,-,-,0.26,-,-0.90%,7.22%,13.20,0.22,-1.30%,-61.70%,-,-,15.13%,-,0.65,4.94%,-,5.00
2019-01-31,17:17:21 ,13.21,0.46%,"74,560",104.87K,553.94M,-,41.91M,0.85,60.32,-,-,-,13.22,-,-,-,0.60%,2.58%,2.78%,63.54,-,-,-,-,-,-,41.93M,-,-,0.26,-,-0.45%,7.71%,13.15,0.22,-1.30%,-61.70%,-,-,15.13%,-,0.65,4.92%,-,5.00
2019-02-01,17:17:35 ,13.28,0.53%,"59,780",104.75K,556.87M,-,41.91M,0.86,60.64,-,-,-,13.29,-,-,-,1.01%,3.02%,3.32%,66.81,-,-,-,-,-,-,41.93M,-,-,0.26,-,0.08%,8.28%,13.21,0.22,-1.30%,-61.70%,-,-,15.13%,-,0.65,4.89%,-,5.00
2019-02-04,17:21:34 ,13.30,0.15%,"71,657",104.68K,557.71M,-,41.91M,0.86,60.73,-,-,-,13.31,-,-,-,1.05%,3.06%,3.46%,66.88,-,-,-,-,-,-,41.93M,-,-,0.26,-,0.00%,8.45%,13.28,0.22,-1.30%,-61.70%,-,-,15.13%,-,0.65,4.89%,-,5.00
2019-02-05,17:17:02 ,13.28,-0.15%,"30,046",104.44K,556.87M,-,41.91M,0.86,60.64,-,-,-,13.29,-,-,-,0.79%,2.79%,3.29%,63.79,-,-,-,-,-,-,41.93M,-,-,0.26,-,-0.23%,8.28%,13.30,0.22,-1.30%,-61.70%,-,-,15.13%,-,0.65,4.89%,-,5.00
2019-02-06,17:17:19 ,13.30,0.15%,"55,886",104.15K,557.71M,-,41.91M,0.86,60.73,-,-,-,13.31,-,-,-,0.86%,2.83%,3.43%,64.07,-,-,-,-,-,-,41.93M,-,-,0.26,-,-0.08%,8.45%,13.28,0.22,-1.30%,-61.70%,-,-,15.13%,-,0.65,4.89%,-,5.00
2019-02-07,17:17:44 ,13.31,0.08%,"83,368",104.07K,558.13M,-,41.91M,0.86,60.78,-,-,-,13.32,-,-,-,0.88%,2.79%,3.49%,64.13,-,-,-,-,-,-,41.93M,-,-,0.26,-,0.00%,8.53%,13.30,0.22,-1.30%,-61.70%,-,-,15.13%,-,0.65,4.88%,-,5.00
2019-02-08,17:17:58 ,13.35,0.30%,"118,109",104.14K,559.81M,-,41.91M,0.86,60.96,-,-,-,13.36,-,-,-,1.14%,2.99%,3.78%,65.94,-,-,-,-,-,-,41.93M,-,-,0.26,-,-0.07%,8.85%,13.31,0.22,-1.30%,-61.70%,-,-,15.13%,-,0.65,4.87%,-,5.00
2019-02-11,17:18:03 ,13.38,0.22%,"44,409",103.80K,561.07M,-,41.91M,0.87,61.10,-,-,-,13.39,-,-,-,1.33%,3.10%,4.00%,66.78,-,-,-,-,-,-,41.93M,-,-,0.26,-,0.15%,9.10%,13.35,0.22,-1.30%,-61.70%,-,-,15.06%,-,0.65,4.86%,-,5.00
2019-02-12,17:18:03 ,13.39,0.04%,"34,027",102.70K,561.28M,-,41.91M,0.87,61.12,-,-,-,13.39,-,-,-,1.30%,3.01%,4.01%,66.95,-,-,-,-,-,-,41.93M,-,-,0.26,-,0.04%,9.14%,13.38,0.22,-1.30%,-61.70%,-,-,15.06%,-,0.65,4.86%,-,5.00
2019-02-13,17:23:07 ,13.37,-0.12%,"49,991",102.19K,560.63M,-,41.91M,0.86,61.05,-,-,-,13.38,-,-,-,1.11%,2.77%,3.87%,67.71,-,-,-,-,-,-,41.93M,-,-,0.27,-,-0.15%,9.01%,13.39,0.22,-1.30%,-61.70%,-,-,15.06%,-,0.65,4.86%,-,5.00
2019-02-14,17:22:34 ,13.31,-0.45%,"51,679",101.49K,558.13M,-,41.91M,0.86,60.78,-,-,-,13.32,-,-,-,0.60%,2.20%,3.39%,61.36,-,-,-,-,-,-,41.93M,-,-,0.27,-,-0.60%,8.53%,13.37,0.22,-1.30%,-61.70%,-,-,15.06%,-,0.65,4.88%,-,5.00
2019-02-15,17:18:23 ,13.34,0.23%,"55,415",100.16K,559.39M,-,41.91M,0.86,60.91,-,-,-,13.35,-,-,-,0.78%,2.35%,3.60%,66.41,-,-,-,-,-,-,41.93M,-,-,0.27,-,-0.37%,8.77%,13.31,0.22,-1.30%,-61.70%,-,-,15.06%,-,0.65,4.87%,-,5.00
2019-02-19,17:20:03 ,13.31,-0.22%,"41,734",99.95K,558.13M,-,41.91M,0.86,60.78,-,-,-,13.32,-,-,-,0.47%,2.03%,3.35%,62.87,-,-,-,-,-,-,41.93M,-,-,0.20,-,-0.60%,8.53%,13.34,0.22,-1.30%,-61.70%,-,-,14.88%,-,0.65,4.88%,-,5.00
2019-02-20,17:18:42 ,13.36,0.38%,"32,228",99.63K,560.23M,-,41.91M,0.86,61.00,-,-,-,13.37,-,-,-,0.76%,2.35%,3.73%,65.21,-,-,-,-,-,-,41.93M,-,-,0.20,-,-0.22%,8.94%,13.31,0.22,-1.30%,-61.70%,-,-,14.88%,-,0.65,4.87%,-,5.00
2019-02-21,17:18:47 ,13.34,-0.15%,"45,511",98.28K,559.39M,-,41.91M,0.86,60.91,-,-,-,13.35,-,-,-,0.50%,2.13%,3.56%,65.68,-,-,-,-,-,-,41.93M,-,-,0.20,-,-0.37%,8.77%,13.36,0.22,-1.30%,-61.70%,-,-,14.88%,-,0.65,4.87%,-,5.00
2019-02-22,17:19:44 ,13.41,0.52%,"32,888",98.44K,562.33M,-,41.91M,0.87,61.23,-,-,-,13.42,-,-,-,0.93%,2.61%,4.09%,71.05,-,-,-,-,-,-,41.93M,-,-,0.20,-,0.15%,9.34%,13.34,0.22,-1.30%,-61.70%,-,-,14.88%,-,0.65,4.85%,-,5.00
2019-02-25,17:18:12 ,13.40,-0.07%,"34,635",97.37K,561.91M,-,41.91M,0.87,61.19,-,-,-,13.41,-,-,-,0.77%,2.46%,3.99%,69.61,-,-,-,-,-,-,41.93M,-,-,0.20,-,-0.07%,9.26%,13.41,0.22,-1.30%,-61.70%,-,-,16.57%,-,0.65,4.85%,-,5.00
2019-02-26,17:20:04 ,13.41,0.07%,"48,945",97.41K,562.33M,-,41.91M,0.87,61.23,-,-,-,13.42,-,-,-,0.76%,2.48%,4.06%,70.51,-,-,-,-,-,-,41.93M,-,-,0.20,-,-0.15%,9.34%,13.40,0.22,-1.30%,-61.70%,-,-,16.57%,-,0.65,4.85%,-,5.00
2019-02-27,17:17:54 ,13.42,0.07%,"38,648",96.23K,562.74M,-,41.91M,0.87,61.28,-,-,-,13.43,-,-,-,0.75%,2.50%,4.11%,71.30,-,-,-,-,-,-,41.93M,-,-,0.20,-,-0.07%,9.43%,13.41,0.22,-1.30%,-61.70%,-,-,16.57%,-,0.65,4.84%,-,5.00
2019-02-28,17:19:01 ,13.47,0.37%,"72,872",94.39K,564.84M,-,41.91M,0.87,61.51,-,-,-,13.48,-,-,-,1.04%,2.79%,4.48%,74.03,-,-,-,-,-,-,41.93M,-,-,0.21,-,0.30%,9.83%,13.42,0.22,-1.30%,-61.70%,-,-,16.57%,-,0.65,4.83%,-,5.00
2019-03-01,17:23:56 ,13.49,0.15%,"27,958",93.80K,565.68M,-,41.91M,0.87,61.60,-,-,-,13.50,-,-,-,1.07%,2.83%,4.62%,74.88,-,-,-,-,-,-,41.93M,-,-,0.21,-,0.15%,10.00%,13.47,0.22,-1.30%,-61.70%,-,-,16.57%,-,0.65,4.82%,-,5.00
2019-03-04,17:24:08 ,13.52,0.22%,"51,396",92.89K,566.94M,-,41.91M,0.87,61.74,-,-,-,13.53,-,-,-,1.19%,2.91%,4.83%,75.35,-,-,-,-,-,-,41.93M,-,-,0.12,-,0.07%,10.24%,13.49,0.22,-1.30%,-61.70%,-,-,16.57%,-,0.65,4.81%,-,5.00
2019-03-05,17:20:43 ,13.52,0.00%,"97,801",91.79K,566.94M,-,41.91M,0.87,61.74,-,-,-,13.53,-,-,-,1.10%,2.77%,4.80%,74.49,-,-,-,-,-,-,41.93M,-,-,0.12,-,-0.07%,10.24%,13.52,0.22,-1.30%,-61.70%,-,-,16.57%,-,0.65,4.81%,-,5.00
2019-03-06,17:21:43 ,13.55,0.22%,"39,035",91.89K,568.20M,-,41.91M,0.88,61.87,-,-,-,13.56,-,-,-,1.24%,2.88%,5.01%,76.20,-,-,-,-,-,-,41.93M,-,-,0.12,-,0.00%,10.49%,13.52,0.22,-1.30%,-61.70%,-,-,16.57%,-,0.65,4.80%,-,5.00
2019-03-07,17:22:30 ,13.56,0.07%,"95,019",90.45K,568.62M,-,41.91M,0.88,61.92,-,-,-,13.57,-,-,-,1.21%,2.80%,5.06%,76.03,-,-,-,-,-,-,41.93M,-,-,0.12,-,0.00%,10.57%,13.55,0.22,-1.30%,-61.70%,-,-,16.57%,-,0.65,4.79%,-,5.00
2019-03-08,17:20:45 ,13.59,0.22%,"28,486",89.62K,569.87M,-,41.91M,0.88,62.05,-,-,-,13.60,-,-,-,1.34%,2.87%,5.26%,77.13,-,-,-,-,-,-,41.93M,-,-,0.12,-,0.22%,10.81%,13.56,0.22,-1.30%,-61.70%,-,-,16.57%,-,0.65,4.78%,-,5.00
2019-03-11,17:20:28 ,13.64,0.37%,"82,327",88.62K,571.97M,-,41.91M,0.88,62.28,-,-,-,13.65,-,-,-,1.61%,3.10%,5.62%,79.46,-,-,-,-,-,-,41.93M,-,-,0.12,-,0.29%,11.22%,13.59,0.22,-1.30%,-61.70%,-,-,16.57%,-,0.65,4.77%,-,5.00
2019-03-12,17:19:45 ,13.63,-0.07%,"29,297",88.48K,571.55M,-,41.91M,0.88,62.24,-,-,-,13.64,-,-,-,1.42%,2.87%,5.51%,76.53,-,-,-,-,-,-,41.93M,-,-,0.12,-,-0.07%,11.14%,13.64,0.22,-1.30%,-61.70%,-,-,16.57%,-,0.65,4.77%,-,5.00
2019-03-13,17:20:16 ,13.62,-0.07%,"73,641",88.21K,571.13M,-,41.91M,0.88,62.19,-,-,-,13.63,-,-,-,1.25%,2.64%,5.40%,75.19,-,-,-,-,-,-,41.93M,-,-,0.12,-,-0.15%,11.06%,13.63,0.22,-1.30%,-61.70%,-,-,16.57%,-,0.65,4.77%,-,5.00
2019-03-14,17:20:18 ,13.57,-0.37%,"45,518",87.91K,569.03M,-,41.91M,0.88,61.96,-,-,-,13.58,-,-,-,0.79%,2.12%,4.99%,65.31,-,-,-,-,-,-,41.93M,-,-,0.12,-,-0.59%,10.65%,13.62,0.22,-1.30%,-61.70%,-,-,16.57%,-,0.65,4.79%,-,5.00
2019-03-15,17:22:14 ,13.56,-0.06%,"54,768",87.73K,568.68M,-,41.91M,0.88,61.92,-,-,-,13.57,-,-,-,0.66%,1.93%,4.90%,63.75,-,-,-,-,-,-,41.93M,-,-,0.12,-,-0.65%,10.58%,13.57,0.22,-1.30%,-61.70%,-,-,16.57%,-,0.65,4.79%,-,5.00
2019-03-18,17:16:48 ,13.50,-0.45%,"47,647",87.19K,566.10M,-,41.91M,0.87,61.64,-,-,-,13.51,-,-,-,0.11%,1.36%,4.40%,54.55,-,-,-,-,-,-,41.93M,-,-,0.10,-,-1.10%,10.08%,13.56,0.22,-1.30%,-61.70%,-,-,16.57%,-,0.65,4.81%,-,5.00
2019-03-19,17:42:04 ,13.59,0.67%,"30,841",81.36K,569.87M,-,41.91M,0.88,62.05,-,-,-,13.60,-,-,-,0.71%,1.96%,5.08%,64.66,-,-,-,-,-,-,41.93M,-,-,0.11,-,-0.44%,10.81%,13.50,0.22,-1.30%,-61.70%,-,-,16.57%,-,0.65,4.78%,-,5.00
2019-03-20,17:27:24 ,13.65,0.44%,"54,604",77.43K,572.39M,-,41.91M,0.88,62.33,-,-,-,13.66,-,-,-,1.05%,2.32%,5.52%,69.76,-,-,-,-,-,-,41.93M,-,-,0.12,-,0.00%,11.30%,13.59,0.22,-1.30%,-61.70%,-,-,16.57%,-,0.65,4.76%,-,5.00
2019-03-21,17:18:26 ,13.65,0.00%,"43,793",74.91K,572.39M,-,41.91M,0.88,62.33,-,-,-,13.66,-,-,-,0.95%,2.23%,5.49%,69.87,-,-,-,-,-,-,41.93M,-,-,0.12,-,0.00%,11.30%,13.65,0.22,-1.30%,-61.70%,-,-,16.57%,-,0.65,4.76%,-,5.00
2019-03-22,17:18:30 ,13.67,0.15%,"49,303",73.24K,573.23M,-,41.91M,0.88,62.42,-,-,-,13.68,-,-,-,0.98%,2.31%,5.62%,71.16,-,-,-,-,-,-,41.93M,-,-,0.12,-,-0.15%,11.46%,13.65,0.22,-1.30%,-61.70%,-,-,16.57%,-,0.65,4.75%,-,5.00
2019-03-25,17:20:41 ,13.70,0.22%,"61,517",72.85K,574.49M,-,41.91M,0.89,62.56,-,-,-,13.71,-,-,-,1.10%,2.46%,5.82%,72.36,-,-,-,-,-,-,41.93M,-,-,0.12,-,0.00%,11.71%,13.67,0.22,-1.30%,-61.70%,-,-,16.57%,-,0.65,4.74%,-,5.00
2019-03-26,17:18:54 ,13.77,0.51%,"55,543",72.24K,577.42M,-,41.91M,0.89,62.88,-,-,-,13.78,-,-,-,1.51%,2.91%,6.34%,76.40,-,-,-,-,-,-,41.93M,-,-,0.13,-,0.44%,12.28%,13.70,0.22,-1.30%,-61.70%,-,-,16.57%,-,0.65,4.72%,-,5.00
2019-03-27,17:14:54 ,13.83,0.44%,"62,639",71.10K,579.94M,-,41.91M,0.89,63.15,-,-,-,13.84,-,-,-,1.81%,3.27%,6.77%,79.28,-,-,-,-,-,-,41.93M,-,-,0.13,-,0.44%,12.77%,13.77,0.22,-1.30%,-61.70%,-,-,16.57%,-,0.65,4.70%,-,5.00
2019-03-28,17:14:36 ,13.83,0.00%,"62,131",69.54K,579.94M,-,41.91M,0.89,63.15,-,-,-,13.84,-,-,-,1.66%,3.18%,6.73%,79.06,-,-,-,-,-,-,41.93M,-,-,0.13,-,0.00%,12.77%,13.83,0.22,-1.30%,-61.70%,-,-,16.57%,-,0.65,4.70%,-,5.00
2019-03-29,17:17:19 ,13.85,0.14%,"60,075",67.87K,580.78M,-,41.91M,0.90,63.24,-,-,-,13.86,-,-,-,1.67%,3.23%,6.85%,80.97,-,-,-,-,-,-,41.93M,-,-,0.13,-,0.00%,12.93%,13.83,0.22,-1.30%,-61.70%,-,-,16.57%,-,0.65,4.69%,-,5.00
2019-04-01,17:17:34 ,13.86,0.07%,"47,332",67.75K,581.20M,-,41.91M,0.90,63.29,-,-,-,13.87,-,-,-,1.61%,3.21%,6.89%,80.97,-,-,-,-,-,-,41.93M,-,-,0.13,-,0.00%,13.01%,13.85,0.22,-1.30%,-61.70%,-,-,16.57%,-,0.65,4.69%,-,5.00
2019-04-02,17:17:24 ,13.84,-0.14%,"27,147",65.45K,580.36M,-,41.91M,0.90,63.20,-,-,-,13.85,-,-,-,1.34%,2.94%,6.69%,76.49,-,-,-,-,-,-,41.93M,-,-,0.14,-,-0.22%,12.85%,13.86,0.22,-1.30%,-61.70%,-,-,16.57%,-,0.65,4.70%,-,5.00
2019-04-03,17:17:26 ,13.86,0.14%,"64,792",64.34K,581.20M,-,41.91M,0.90,63.29,-,-,-,13.87,-,-,-,1.37%,2.97%,6.81%,77.38,-,-,-,-,-,-,41.93M,-,-,0.14,-,-0.07%,13.01%,13.84,0.22,-1.30%,-61.70%,-,-,16.57%,-,0.65,4.69%,-,5.00
2019-04-04,17:17:49 ,13.85,-0.07%,"64,924",64.43K,580.78M,-,41.91M,0.90,63.24,-,-,-,13.86,-,-,-,1.18%,2.78%,6.69%,75.78,-,-,-,-,-,-,41.93M,-,-,0.14,-,-0.14%,12.93%,13.86,0.22,-1.30%,-61.70%,-,-,16.57%,-,0.65,4.69%,-,5.00
2019-04-05,17:17:20 ,13.88,0.22%,"54,306",63.12K,582.03M,-,41.91M,0.90,63.38,-,-,-,13.89,-,-,-,1.29%,2.88%,6.88%,77.37,-,-,-,-,-,-,41.93M,-,-,0.14,-,0.07%,13.18%,13.85,0.22,-1.30%,-61.70%,-,-,16.57%,-,0.65,4.68%,-,5.00
2019-04-08,17:17:47 ,13.78,-0.72%,"107,583",62.98K,577.84M,-,41.91M,0.89,62.92,-,-,-,13.79,-,-,-,0.46%,2.04%,6.07%,60.64,-,-,-,-,-,-,41.93M,-,-,0.34,-,-0.72%,12.36%,13.88,0.22,-1.30%,-61.70%,-,-,16.52%,-,0.65,4.72%,-,5.00
2019-04-09,17:18:01 ,13.77,-0.07%,"68,905",59.81K,577.42M,-,41.91M,0.89,62.88,-,-,-,13.78,-,-,-,0.33%,1.88%,5.96%,58.86,-,-,-,-,-,-,41.93M,-,-,0.36,-,-0.79%,12.28%,13.78,0.22,-1.30%,-61.70%,-,-,16.52%,-,0.65,4.72%,-,5.00
2019-04-10,17:19:17 ,13.82,0.36%,"52,711",59.62K,579.52M,-,41.91M,0.89,63.11,-,-,-,13.83,-,-,-,0.64%,2.16%,6.31%,63.03,-,-,-,-,-,-,41.93M,-,-,0.36,-,-0.43%,12.69%,13.77,0.22,-1.30%,-61.70%,-,-,16.52%,-,0.65,4.70%,-,5.00
2019-04-11,17:17:53 ,13.80,-0.14%,"50,495",58.19K,578.68M,-,41.91M,0.89,63.01,-,-,-,13.81,-,-,-,0.43%,1.91%,6.12%,60.22,-,-,-,-,-,-,41.93M,-,-,0.37,-,-0.58%,12.52%,13.82,0.22,-1.30%,-61.70%,-,-,16.52%,-,0.65,4.71%,-,5.00
2019-04-12,17:16:18 ,13.69,-0.80%,"34,477",57.73K,574.07M,-,41.91M,0.89,62.51,-,-,-,13.70,-,-,-,-0.46%,1.01%,5.24%,48.02,-,-,-,-,-,-,41.93M,-,-,0.37,-,-1.37%,11.63%,13.80,0.22,-1.30%,-61.70%,-,-,16.52%,-,0.65,4.75%,-,5.00
2019-04-15,17:17:35 ,13.66,-0.22%,"47,811",57.36K,572.81M,-,41.91M,0.88,62.37,-,-,-,13.67,-,-,-,-0.72%,0.71%,4.97%,46.18,-,-,-,-,-,-,41.93M,-,-,0.37,-,-1.59%,11.38%,13.69,0.22,-1.30%,-61.70%,-,-,16.52%,-,0.65,4.76%,-,5.00
2019-04-16,17:16:51 ,13.57,-0.66%,"107,699",57.35K,569.03M,-,41.91M,0.88,61.96,-,-,-,13.58,-,-,-,-1.43%,-0.01%,4.25%,38.75,-,-,-,-,-,-,41.93M,-,-,0.37,-,-2.23%,10.65%,13.66,0.22,-1.30%,-61.70%,-,-,16.52%,-,0.65,4.79%,-,5.00
2019-04-17,17:17:03 ,13.55,-0.15%,"44,910",58.42K,568.20M,-,41.91M,0.88,61.87,-,-,-,13.56,-,-,-,-1.57%,-0.19%,4.07%,37.92,-,-,-,-,-,-,41.93M,-,-,0.37,-,-2.38%,10.49%,13.57,0.22,-1.30%,-61.70%,-,-,16.52%,-,0.65,4.80%,-,5.00
2019-04-18,17:17:04 ,13.56,0.07%,"74,625",57.58K,568.62M,-,41.91M,0.88,61.92,-,-,-,13.57,-,-,-,-1.46%,-0.16%,4.13%,38.71,-,-,-,-,-,-,41.93M,-,-,0.37,-,-2.31%,10.57%,13.55,0.22,-1.30%,-61.70%,-,-,16.52%,-,0.65,4.79%,-,5.00
2019-04-22,17:17:50 ,13.58,0.15%,"71,245",56.85K,569.45M,-,41.91M,0.88,62.01,-,-,-,13.59,-,-,-,-1.29%,-0.05%,4.25%,41.70,-,-,-,-,-,-,41.93M,-,-,0.33,-,-2.16%,10.73%,13.56,0.22,-1.30%,-61.70%,-,-,16.55%,-,0.65,4.79%,-,5.00
2019-04-23,17:16:15 ,13.63,0.37%,"67,921",57.08K,571.55M,-,41.91M,0.88,62.24,-,-,-,13.64,-,-,-,-0.89%,0.28%,4.61%,46.65,-,-,-,-,-,-,41.93M,-,-,0.33,-,-1.80%,11.14%,13.58,0.22,-1.30%,-61.70%,-,-,16.55%,-,0.65,4.77%,-,5.00
2019-04-24,17:15:39 ,13.68,0.37%,"38,449",56.91K,573.65M,-,41.91M,0.88,62.47,-,-,-,13.69,-,-,-,-0.50%,0.60%,4.97%,52.02,-,-,-,-,-,-,41.93M,-,-,0.33,-,-1.44%,11.55%,13.63,0.22,-1.30%,-61.70%,-,-,16.55%,-,0.65,4.75%,-,5.00
2019-04-25,17:18:21 ,13.75,0.51%,"47,786",56.37K,576.58M,-,41.91M,0.89,62.79,-,-,-,13.76,-,-,-,0.04%,1.07%,5.48%,58.04,-,-,-,-,-,-,41.93M,-,-,0.34,-,-0.94%,12.12%,13.68,0.22,-1.30%,-61.70%,-,-,16.55%,-,0.65,4.73%,-,5.00
2019-04-26,17:18:25 ,13.77,0.15%,"26,632",56.13K,577.42M,-,41.91M,0.89,62.88,-,-,-,13.78,-,-,-,0.21%,1.17%,5.60%,59.52,-,-,-,-,-,-,41.93M,-,-,0.34,-,-0.79%,12.28%,13.75,0.22,-1.30%,-61.70%,-,-,16.55%,-,0.65,4.72%,-,5.00
2019-04-29,17:17:37 ,13.79,0.15%,"24,716",55.67K,578.26M,-,41.91M,0.89,62.97,-,-,-,13.80,-,-,-,0.38%,1.25%,5.72%,60.63,-,-,-,-,-,-,41.93M,-,-,0.21,-,-0.65%,12.44%,13.77,0.22,-1.30%,-61.70%,-,-,16.55%,-,0.65,4.71%,-,5.00
2019-04-30,17:17:25 ,13.84,0.36%,"60,398",55.65K,580.36M,-,41.91M,0.90,63.20,-,-,-,13.85,-,-,-,0.77%,1.55%,6.07%,64.18,-,-,-,-,-,-,41.93M,-,-,0.21,-,-0.29%,12.85%,13.79,0.22,-1.30%,-61.70%,-,-,16.55%,-,0.65,4.70%,-,5.00
2019-05-01,17:16:56 ,13.87,0.22%,"42,529",55.08K,581.61M,-,41.91M,0.90,63.33,-,-,-,13.88,-,-,-,0.99%,1.69%,6.26%,65.98,-,-,-,-,-,-,41.93M,-,-,0.22,-,-0.07%,13.09%,13.84,0.22,-1.30%,-61.70%,-,-,16.55%,-,0.65,4.69%,-,5.00
2019-05-02,19:44:51 ,13.87,0.00%,"43,506",54.48K,581.61M,-,41.91M,0.90,63.33,-,-,-,13.88,-,-,-,0.98%,1.61%,6.22%,65.99,-,-,-,-,-,-,41.93M,-,-,0.22,-,-0.07%,13.09%,13.87,0.22,-1.30%,-61.70%,-,-,16.55%,-,0.65,4.69%,-,5.00
2019-05-03,19:25:58 ,13.92,0.36%,"32,178",54.30K,583.71M,-,41.91M,0.90,63.56,-,-,-,13.93,-,-,-,1.34%,1.90%,6.57%,69.10,-,-,-,-,-,-,41.93M,-,-,0.22,-,0.07%,13.50%,13.87,0.22,-1.30%,-61.70%,-,-,16.55%,-,0.65,4.67%,-,5.00
2019-05-06,17:16:51 ,13.89,-0.22%,"26,728",53.95K,582.45M,-,41.91M,0.90,63.42,-,-,-,13.90,-,-,-,1.10%,1.60%,6.30%,64.94,-,-,-,-,-,-,41.93M,-,-,0.22,-,-0.22%,13.26%,13.92,0.22,-1.30%,-61.70%,-,-,16.55%,-,0.65,4.68%,-,5.00
2019-05-07,17:16:53 ,13.89,0.00%,"59,880",53.58K,582.45M,-,41.91M,0.90,63.42,-,-,-,13.90,-,-,-,1.10%,1.52%,6.26%,64.75,-,-,-,-,-,-,41.93M,-,-,0.22,-,-0.36%,13.26%,13.89,0.22,-1.30%,-61.70%,-,-,16.55%,-,0.65,4.68%,-,5.00
2019-05-08,17:16:39 ,13.93,0.29%,"32,913",53.19K,584.13M,-,41.91M,0.90,63.61,-,-,-,13.94,-,-,-,1.35%,1.74%,6.53%,67.30,-,-,-,-,-,-,41.93M,-,-,0.22,-,-0.36%,13.58%,13.89,0.22,-1.30%,-61.70%,-,-,16.55%,-,0.65,4.67%,-,5.00
2019-05-09,17:17:02 ,13.93,0.00%,"26,281",51.79K,584.13M,-,41.91M,0.90,63.61,-,-,-,13.94,-,-,-,1.29%,1.67%,6.49%,67.55,-,-,-,-,-,-,41.93M,-,-,0.23,-,-0.36%,13.58%,13.93,0.22,-1.30%,-61.70%,-,-,16.55%,-,0.65,4.67%,-,5.00
2019-05-10,17:17:15 ,13.92,-0.07%,"32,573",51.38K,583.71M,-,41.91M,0.90,63.56,-,-,-,13.93,-,-,-,1.17%,1.52%,6.38%,66.24,-,-,-,-,-,-,41.93M,-,-,0.23,-,-0.43%,13.50%,13.93,0.22,-1.30%,-61.70%,-,-,16.55%,-,0.65,4.67%,-,5.00
2019-05-13,17:29:28 ,13.98,0.43%,"36,915",51.08K,586.23M,-,41.36M,0.90,17.24,-,-,-,14.18,-,-,-,1.57%,1.89%,6.80%,71.75,-,-,-,-,-,-,41.93M,-,-,0.23,-,0.00%,13.99%,13.92,0.81,-2.60%,-,-,-,16.55%,-,0.65,4.65%,-,5.00
2019-05-14,17:16:12 ,13.95,-0.21%,"34,114",51.26K,584.97M,-,41.36M,0.90,17.20,-,-,-,14.14,-,-,-,1.24%,1.60%,6.52%,67.29,-,-,-,-,-,-,41.93M,-,-,0.23,-,-0.50%,13.75%,13.98,0.81,-2.60%,-,-,-,16.55%,-,0.65,4.66%,-,5.00
2019-05-15,17:14:58 ,13.99,0.29%,"44,628",50.97K,586.65M,-,41.36M,0.90,17.25,-,-,-,14.19,-,-,-,1.42%,1.83%,6.79%,71.50,-,-,-,-,-,-,41.93M,-,-,0.23,-,-0.21%,14.07%,13.95,0.81,-2.60%,-,-,-,16.55%,-,0.65,4.65%,-,5.00
2019-05-16,17:15:55 ,14.01,0.14%,"24,987",50.79K,587.49M,-,41.36M,0.90,17.27,-,-,-,14.21,-,-,-,1.42%,1.90%,6.90%,72.22,-,-,-,-,-,-,41.93M,-,-,0.23,-,-0.07%,14.24%,13.99,0.81,-2.60%,-,-,-,16.55%,-,0.65,4.64%,-,5.00
2019-05-17,17:15:03 ,14.01,0.00%,"49,061",50.38K,587.49M,-,41.36M,0.90,17.27,-,-,-,14.21,-,-,-,1.25%,1.83%,6.86%,71.65,-,-,-,-,-,-,41.93M,-,-,0.24,-,-0.21%,14.24%,14.01,0.81,-2.60%,-,-,-,16.55%,-,0.65,4.64%,-,5.00
2019-05-20,17:16:27 ,14.01,0.00%,"39,680",50.36K,587.49M,-,41.36M,0.90,17.27,-,-,-,14.21,-,-,-,1.08%,1.77%,6.81%,71.58,-,-,-,-,-,-,41.93M,-,-,0.14,-,-0.36%,14.24%,14.01,0.81,-2.60%,-,-,-,16.55%,-,0.65,4.64%,-,5.00
2019-05-21,20:29:23 ,14.01,0.00%,"40,128",50.62K,587.49M,-,41.36M,0.90,17.27,-,-,-,14.21,-,-,-,0.93%,1.70%,6.77%,71.33,-,-,-,-,-,-,41.93M,-,-,0.14,-,-0.36%,14.24%,14.01,0.81,-2.60%,-,-,-,16.55%,-,0.65,4.64%,-,5.00
2019-05-22,20:14:59 ,14.00,-0.07%,"66,763",50.53K,587.07M,-,41.36M,0.90,17.26,-,-,-,14.20,-,-,-,0.72%,1.58%,6.65%,68.78,-,-,-,-,-,-,41.93M,-,-,0.14,-,-0.43%,14.15%,14.01,0.81,-2.60%,-,-,-,16.55%,-,0.65,4.64%,-,5.00
2019-05-23,20:15:36 ,13.98,-0.14%,"45,289",51.08K,586.23M,-,41.36M,0.90,17.24,-,-,-,14.18,-,-,-,0.46%,1.38%,6.46%,63.40,-,-,-,-,-,-,41.93M,-,-,0.14,-,-0.57%,13.99%,14.00,0.81,-2.60%,-,-,-,16.55%,-,0.65,4.65%,-,5.00
2019-05-24,18:31:30 ,13.98,0.00%,"19,804",50.98K,586.23M,-,41.36M,0.90,17.24,-,-,-,14.18,-,-,-,0.37%,1.32%,6.41%,62.03,-,-,-,-,-,-,41.93M,-,-,0.14,-,-0.57%,13.99%,13.98,0.81,-2.60%,-,-,-,16.55%,-,0.65,4.65%,-,5.00
2019-05-28,17:15:33 ,14.00,0.14%,"45,249",50.50K,587.07M,-,41.36M,0.90,17.26,-,-,-,14.20,-,-,-,0.44%,1.41%,6.52%,63.91,-,-,-,-,-,-,41.93M,-,-,0.14,-,-0.43%,14.15%,13.98,0.81,-2.60%,-,-,-,16.55%,-,0.65,4.64%,-,5.00
2019-05-29,17:16:14 ,13.99,-0.07%,"57,006",50.52K,586.65M,-,41.36M,0.90,17.25,-,-,-,14.19,-,-,-,0.29%,1.27%,6.41%,60.72,-,-,-,-,-,-,41.93M,-,-,0.14,-,-0.50%,14.07%,14.00,0.81,-2.60%,-,-,-,16.55%,-,0.65,4.65%,-,5.00
2019-05-30,17:16:14 ,13.99,0.00%,"66,713",50.63K,586.65M,-,41.36M,0.90,17.25,-,-,-,14.19,-,-,-,0.24%,1.20%,6.36%,59.84,-,-,-,-,-,-,41.93M,-,-,0.14,-,-0.50%,14.07%,13.99,0.81,-2.60%,-,-,-,16.55%,-,0.65,4.65%,-,5.00
2019-05-31,17:15:10 ,14.00,0.07%,"81,095",50.88K,587.07M,-,41.36M,0.90,17.26,-,-,-,14.20,-,-,-,0.27%,1.21%,6.40%,61.22,-,-,-,-,-,-,41.93M,-,-,0.14,-,-0.43%,14.15%,13.99,0.81,-2.60%,-,-,-,16.55%,-,0.65,4.64%,-,5.00
2019-06-03,20:02:29 ,14.02,0.14%,"41,363",51.36K,587.90M,-,41.36M,0.91,17.29,-,-,-,14.22,-,-,-,0.37%,1.31%,6.51%,63.07,-,-,-,-,-,-,41.93M,-,-,0.14,-,-0.28%,14.32%,14.00,0.81,-2.60%,-,-,-,16.55%,-,0.65,4.64%,-,5.00
2019-06-04,17:15:32 ,14.01,-0.07%,"47,878",51.56K,587.49M,-,41.36M,0.90,17.27,-,-,-,14.21,-,-,-,0.26%,1.18%,6.39%,60.44,-,-,-,-,-,-,41.93M,-,-,0.14,-,-0.36%,14.24%,14.02,0.81,-2.60%,-,-,-,16.55%,-,0.65,4.64%,-,5.00
2019-06-05,17:16:03 ,14.01,0.00%,"35,939",51.51K,587.49M,-,41.36M,0.90,17.27,-,-,-,14.21,-,-,-,0.21%,1.13%,6.35%,59.36,-,-,-,-,-,-,41.93M,-,-,0.14,-,-1.68%,14.24%,14.01,0.81,-2.60%,-,-,-,16.55%,-,0.65,4.64%,-,5.00
2019-06-06,17:15:59 ,14.01,0.00%,"89,925",50.54K,587.49M,-,41.36M,0.90,17.27,-,-,-,14.21,-,-,-,0.17%,1.09%,6.31%,62.39,-,-,-,-,-,-,41.93M,-,-,0.14,-,-1.68%,14.24%,14.01,0.81,-2.60%,-,-,-,16.55%,-,0.65,4.64%,-,5.00
2019-06-07,17:15:49 ,14.04,0.21%,"55,957",51.34K,588.74M,-,41.36M,0.91,17.31,-,-,-,14.24,-,-,-,0.36%,1.27%,6.50%,67.07,-,-,-,-,-,-,41.93M,-,-,0.14,-,-1.47%,14.48%,14.01,0.81,-2.60%,-,-,-,16.55%,-,0.65,4.63%,-,5.00
2019-06-10,17:15:13 ,14.08,0.28%,"59,634",50.73K,590.42M,-,41.36M,0.91,17.36,-,-,-,14.28,-,-,-,0.60%,1.53%,6.76%,70.92,-,-,-,-,-,-,41.93M,-,-,0.05,-,-1.19%,14.81%,14.04,0.81,-2.60%,-,-,-,16.55%,-,0.65,4.62%,-,5.00
2019-06-11,17:15:48 ,14.06,-0.14%,"59,208",51.21K,589.58M,-,41.36M,0.91,17.34,-,-,-,14.26,-,-,-,0.40%,1.35%,6.56%,66.04,-,-,-,-,-,-,41.93M,-,-,0.05,-,-1.33%,14.64%,14.08,0.81,-2.60%,-,-,-,16.55%,-,0.65,4.62%,-,5.00
2019-06-12,17:16:26 ,14.09,0.21%,"33,146",50.85K,590.84M,-,41.36M,0.91,17.37,-,-,-,14.29,-,-,-,0.59%,1.53%,6.75%,73.19,-,-,-,-,-,-,41.93M,-,-,0.05,-,-1.12%,14.89%,14.06,0.81,-2.60%,-,-,-,16.55%,-,0.65,4.61%,-,5.00
2019-06-13,17:15:03 ,14.04,-0.35%,"73,562",50.91K,588.74M,-,41.36M,0.91,17.31,-,-,-,14.24,-,-,-,0.18%,1.14%,6.33%,62.11,-,-,-,-,-,-,41.93M,-,-,0.05,-,-1.47%,14.48%,14.09,0.81,-2.60%,-,-,-,16.55%,-,0.65,4.63%,-,5.00
2019-06-14,17:15:30 ,14.02,-0.14%,"40,659",50.91K,587.90M,-,41.36M,0.91,17.29,-,-,-,14.22,-,-,-,0.02%,0.96%,6.13%,60.63,-,-,-,-,-,-,41.93M,-,-,0.05,-,-1.61%,14.32%,14.04,0.81,-2.60%,-,-,-,16.55%,-,0.65,4.64%,-,5.00
2019-06-17,20:50:54 ,14.08,0.43%,"73,765",50.84K,590.42M,-,41.36M,0.91,17.36,-,-,-,14.28,-,-,-,0.45%,1.37%,6.55%,68.50,-,-,-,-,-,-,41.93M,-,-,0.04,-,-1.19%,14.81%,14.02,0.81,-2.60%,-,-,-,16.55%,-,0.65,4.62%,-,5.00
2019-06-18,17:15:39 ,14.12,0.28%,"28,913",51.13K,592.10M,-,41.36M,0.91,17.41,-,-,-,14.32,-,-,-,0.71%,1.63%,6.81%,72.24,-,-,-,-,-,-,41.93M,-,-,0.03,-,-0.91%,15.13%,14.08,0.81,-2.60%,-,-,-,16.55%,-,0.65,4.60%,-,5.00
2019-06-19,20:12:38 ,14.13,0.07%,"18,076",50.84K,592.52M,-,41.36M,0.91,17.42,-,-,-,14.33,-,-,-,0.74%,1.66%,6.84%,73.09,-,-,-,-,-,-,41.93M,-,-,0.04,-,-0.84%,15.21%,14.12,0.81,-2.60%,-,-,-,16.55%,-,0.65,4.60%,-,5.00
2019-06-20,19:16:20 ,14.13,0.00%,"49,385",50.64K,592.52M,-,41.36M,0.91,17.42,-,-,-,14.33,-,-,-,0.69%,1.61%,6.80%,72.73,-,-,-,-,-,-,41.93M,-,-,0.04,-,-0.84%,15.21%,14.13,0.81,-2.60%,-,-,-,16.55%,-,0.65,4.60%,-,5.00
2019-06-21,17:44:02 ,14.10,-0.21%,"63,943",50.56K,591.26M,-,41.36M,0.91,17.39,-,-,-,14.30,-,-,-,0.43%,1.34%,6.53%,65.53,-,-,-,-,-,-,41.93M,-,-,0.04,-,-1.05%,14.97%,14.13,0.81,-2.60%,-,-,-,16.55%,-,0.65,4.61%,-,5.00
